{
    "Model": {
        "UID": 1462443892991450,
        "Nodes": [
            {
                "Name": "RootNode",
                "Transform": [
                    1.0,
                    0.0,
                    0.0,
                    0.0,
                    0.0,
                    1.0,
                    0.0,
                    0.0,
                    0.0,
                    0.0,
                    1.0,
                    0.0,
                    0.0,
                    0.0,
                    0.0,
                    1.0
                ],
                "ParentIndex": -1
            },
            {
                "Name": "Gun",
                "Transform": [
                    1.0,
                    0.0,
                    0.0,
                    0.0,
                    0.0,
                    1.0,
                    0.0,
                    0.0,
                    0.0,
                    0.0,
                    1.0,
                    0.0,
                    0.0,
                    0.0,
                    0.0,
                    1.0
                ],
                "ParentIndex": 0,
                "MeshesMaterials": [
                    1321373617003070,
                    1214821289991758
                ],
                "SkinIndex": 0
            },
            {
                "Name": "PlayerCtrl",
                "Transform": [
                    1.0,
                    0.0,
                    0.0,
                    0.0,
                    0.0,
                    1.0,
                    0.0,
                    0.0,
                    0.0,
                    0.0,
                    1.0,
                    0.0,
                    0.0,
                    0.0,
                    0.0,
                    1.0
                ],
                "ParentIndex": 0
            },
            {
                "Name": "Root",
                "Transform": [
                    1.0,
                    0.0,
                    0.0,
                    0.0,
                    0.0,
                    1.0,
                    0.0,
                    0.0,
                    0.0,
                    0.0,
                    1.0,
                    0.0,
                    0.0,
                    0.0,
                    0.0,
                    1.0
                ],
                "ParentIndex": 2
            },
            {
                "Name": "Hips",
                "Transform": [
                    1.0,
                    0.0,
                    -0.0,
                    -0.13460859656333923,
                    0.0,
                    0.058942317962646484,
                    0.9982613325119019,
                    0.16361381113529205,
                    0.0,
                    -0.9982613325119019,
                    0.058942317962646484,
                    -0.04540376737713814,
                    0.0,
                    0.0,
                    0.0,
                    1.0
                ],
                "ParentIndex": 3
            },
            {
                "Name": "Spine",
                "Transform": [
                    0.32660895586013794,
                    0.7328105568885803,
                    -0.596921443939209,
                    0.02742750756442547,
                    -0.9303116202354431,
                    0.36075687408447266,
                    -0.06614208221435547,
                    0.0653713271021843,
                    0.16687387228012085,
                    0.5769255757331848,
                    0.7995686531066895,
                    0.14960992336273193,
                    0.0,
                    0.0,
                    0.0,
                    1.0
                ],
                "ParentIndex": 4
            },
            {
                "Name": "Head",
                "Transform": [
                    0.5176846981048584,
                    -0.8456183075904846,
                    0.1301240175962448,
                    0.0,
                    0.8453931212425232,
                    0.5289652943611145,
                    0.07420344650745392,
                    0.020128821954131126,
                    -0.13157887756824493,
                    0.07159195840358734,
                    0.9887171387672424,
                    0.23236966133117676,
                    0.0,
                    0.0,
                    0.0,
                    1.0
                ],
                "ParentIndex": 5
            },
            {
                "Name": "Hat1",
                "Transform": [
                    0.9456642866134644,
                    0.24481219053268433,
                    -0.21397678554058075,
                    0.011234806850552559,
                    0.008527643978595734,
                    0.6391963958740234,
                    0.7689962387084961,
                    0.02941390872001648,
                    0.3250328302383423,
                    -0.7290370464324951,
                    0.6023775339126587,
                    0.5480265021324158,
                    0.0,
                    0.0,
                    0.0,
                    1.0
                ],
                "ParentIndex": 6
            },
            {
                "Name": "Hat2",
                "Transform": [
                    0.6699768304824829,
                    -0.6676878929138184,
                    -0.32453635334968567,
                    -0.06639012694358826,
                    0.7164525985717773,
                    0.4669947624206543,
                    0.5182774662971497,
                    -0.008961755782365799,
                    -0.19449082016944885,
                    -0.579748809337616,
                    0.7912424802780151,
                    0.33840250968933105,
                    0.0,
                    0.0,
                    0.0,
                    1.0
                ],
                "ParentIndex": 7
            },
            {
                "Name": "Hat3",
                "Transform": [
                    0.9691434502601624,
                    0.13883131742477417,
                    0.20368331670761108,
                    2.1316281596346973e-16,
                    -0.24396735429763794,
                    0.6583226919174194,
                    0.7121032476425171,
                    1.4210854397564648e-16,
                    -0.03522711247205734,
                    -0.739822268486023,
                    0.6718794703483582,
                    0.2078413963317871,
                    0.0,
                    0.0,
                    0.0,
                    1.0
                ],
                "ParentIndex": 8
            },
            {
                "Name": "Hat4",
                "Transform": [
                    0.8340001702308655,
                    0.4929482936859131,
                    -0.2478824406862259,
                    -3.552713599391162e-17,
                    -0.33841264247894287,
                    0.8118240237236023,
                    0.4758346676826477,
                    2.8421708795129297e-16,
                    0.4357988238334656,
                    -0.3129596710205078,
                    0.8438813090324402,
                    0.09813515096902847,
                    0.0,
                    0.0,
                    0.0,
                    1.0
                ],
                "ParentIndex": 9
            },
            {
                "Name": "Hat5",
                "Transform": [
                    0.8717382550239563,
                    -0.33156299591064453,
                    -0.36074700951576233,
                    -1.4210854397564648e-16,
                    0.4123985171318054,
                    0.8940746784210205,
                    0.17480811476707458,
                    0.0,
                    0.2645748555660248,
                    -0.30115845799446106,
                    0.9161351919174194,
                    0.1359601616859436,
                    0.0,
                    0.0,
                    0.0,
                    1.0
                ],
                "ParentIndex": 10
            },
            {
                "Name": "HatEnd",
                "Transform": [
                    0.9951382279396057,
                    -0.011935552582144737,
                    -0.09776243567466736,
                    2.8421708795129297e-16,
                    0.0,
                    0.9926296472549438,
                    -0.1211874857544899,
                    0.0,
                    0.09848833084106445,
                    0.12059829384088516,
                    0.9878036975860596,
                    0.08921266347169876,
                    0.0,
                    0.0,
                    0.0,
                    1.0
                ],
                "ParentIndex": 11
            },
            {
                "Name": "LeftBrow3",
                "Transform": [
                    0.696609377861023,
                    0.005814045667648315,
                    0.7174270153045654,
                    0.11806417256593704,
                    0.716030478477478,
                    0.0572507381439209,
                    -0.6957173347473145,
                    -0.14525644481182098,
                    -0.04511815309524536,
                    0.9983428716659546,
                    0.03571838140487671,
                    0.2626665532588959,
                    0.0,
                    0.0,
                    0.0,
                    1.0
                ],
                "ParentIndex": 6
            },
            {
                "Name": "LeftBrow3End",
                "Transform": [
                    0.991216778755188,
                    0.06976082175970078,
                    0.11235109716653824,
                    -7.105427198782324e-17,
                    -0.053225599229335785,
                    0.9881486296653748,
                    -0.14397679269313812,
                    -1.4210854397564648e-16,
                    -0.12106352299451828,
                    0.13673226535320282,
                    0.9831825494766235,
                    0.18445375561714172,
                    0.0,
                    0.0,
                    0.0,
                    1.0
                ],
                "ParentIndex": 13
            },
            {
                "Name": "LeftBrow2",
                "Transform": [
                    0.9165948033332825,
                    0.0639895498752594,
                    0.39466357231140137,
                    0.11806417256593704,
                    0.39948374032974243,
                    -0.1062546968460083,
                    -0.910561740398407,
                    -0.14525644481182098,
                    -0.016331538558006287,
                    0.9922778010368347,
                    -0.122955322265625,
                    0.2626665532588959,
                    0.0,
                    0.0,
                    0.0,
                    1.0
                ],
                "ParentIndex": 6
            },
            {
                "Name": "LeftBrow2End",
                "Transform": [
                    0.9851308465003967,
                    0.1390659213066101,
                    0.1008855402469635,
                    -0.003431284101679921,
                    -0.1507662832736969,
                    0.9813194870948792,
                    0.1195058673620224,
                    0.0019515125313773751,
                    -0.08238175511360168,
                    -0.13293905556201935,
                    0.987694501876831,
                    0.18421299755573273,
                    0.0,
                    0.0,
                    0.0,
                    1.0
                ],
                "ParentIndex": 15
            },
            {
                "Name": "LeftBrow1",
                "Transform": [
                    0.9999229907989502,
                    0.0056876447051763535,
                    0.011030450463294983,
                    0.11806417256593704,
                    0.009551508352160454,
                    0.21479803323745728,
                    -0.9766117930412292,
                    -0.14525644481182098,
                    -0.007923940196633339,
                    0.9766419529914856,
                    0.21472716331481934,
                    0.2626665532588959,
                    0.0,
                    0.0,
                    0.0,
                    1.0
                ],
                "ParentIndex": 6
            },
            {
                "Name": "LeftBrow1End",
                "Transform": [
                    0.9999521970748901,
                    -0.0009225826943293214,
                    -0.009736169129610062,
                    -1.776356799695581e-17,
                    -5.820766091346741e-11,
                    0.99554044008255,
                    -0.09433570504188538,
                    2.8421708795129297e-16,
                    0.009779782965779305,
                    0.09433118999004364,
                    0.9954928159713745,
                    0.18402047455310822,
                    0.0,
                    0.0,
                    0.0,
                    1.0
                ],
                "ParentIndex": 17
            },
            {
                "Name": "RightBrow1",
                "Transform": [
                    0.9999474287033081,
                    -0.0056876447051763535,
                    0.008528783917427063,
                    -0.11499738693237305,
                    -0.009551508352160454,
                    -0.2147982120513916,
                    0.9766117334365845,
                    -0.14525650441646576,
                    -0.0037226537242531776,
                    -0.9766418933868408,
                    -0.21484124660491943,
                    0.2640235126018524,
                    0.0,
                    0.0,
                    0.0,
                    1.0
                ],
                "ParentIndex": 6
            },
            {
                "Name": "RightBrow1End",
                "Transform": [
                    1.0,
                    6.23009673364483e-17,
                    2.7755575615628914e-17,
                    6.798250069550704e-7,
                    -6.23009673364483e-17,
                    1.0,
                    2.4774019641293776e-17,
                    -1.3531808917832677e-7,
                    -2.7755575615628914e-17,
                    -2.4774019641293776e-17,
                    1.0,
                    -0.18402041494846344,
                    0.0,
                    0.0,
                    0.0,
                    1.0
                ],
                "ParentIndex": 19
            },
            {
                "Name": "RightBrow2",
                "Transform": [
                    0.91672283411026,
                    0.052428215742111206,
                    0.396068811416626,
                    -0.11499738693237305,
                    -0.39948374032974243,
                    0.1062546968460083,
                    0.9105618000030518,
                    -0.14525650441646576,
                    0.005654916167259216,
                    -0.9929558038711548,
                    0.1183503270149231,
                    0.2640235126018524,
                    0.0,
                    0.0,
                    0.0,
                    1.0
                ],
                "ParentIndex": 6
            },
            {
                "Name": "RightBrow2End",
                "Transform": [
                    0.992705225944519,
                    0.07659672200679779,
                    0.09310923516750336,
                    0.0034311129711568356,
                    -0.08803202211856842,
                    0.9881599545478821,
                    0.12565912306308746,
                    -0.0019519580528140068,
                    -0.08238174021244049,
                    -0.13293905556201935,
                    0.987694501876831,
                    -0.18421240150928497,
                    0.0,
                    0.0,
                    0.0,
                    1.0
                ],
                "ParentIndex": 21
            },
            {
                "Name": "RightBrow3",
                "Transform": [
                    0.6970876455307007,
                    -0.005814045667648315,
                    0.7169623374938965,
                    -0.11499738693237305,
                    -0.716030478477478,
                    -0.0572507381439209,
                    0.6957173347473145,
                    -0.14525650441646576,
                    0.03700169920921326,
                    -0.9983428716659546,
                    -0.04407179355621338,
                    0.2640235126018524,
                    0.0,
                    0.0,
                    0.0,
                    1.0
                ],
                "ParentIndex": 6
            },
            {
                "Name": "RightBrow3End",
                "Transform": [
                    0.9849042296409607,
                    0.07573037594556808,
                    0.15565527975559235,
                    -0.008144593797624111,
                    -0.053225599229335785,
                    0.9881486296653748,
                    -0.14397680759429932,
                    -1.3523759889721987e-7,
                    -0.16471396386623383,
                    0.1335185170173645,
                    0.977262556552887,
                    -0.18427367508411407,
                    0.0,
                    0.0,
                    0.0,
                    1.0
                ],
                "ParentIndex": 23
            },
            {
                "Name": "LeftShoulder",
                "Transform": [
                    -0.01767599582672119,
                    -0.21945218741893768,
                    0.9754630923271179,
                    0.08366904407739639,
                    -0.3076164722442627,
                    0.9294868111610413,
                    0.20353460311889648,
                    0.029055647552013397,
                    -0.951346218585968,
                    -0.29647088050842285,
                    -0.08393669128417969,
                    0.20852962136268616,
                    0.0,
                    0.0,
                    0.0,
                    1.0
                ],
                "ParentIndex": 5
            },
            {
                "Name": "LeftUpperArm",
                "Transform": [
                    0.3793070912361145,
                    0.8252260088920593,
                    0.41848301887512207,
                    -0.0027035519015043974,
                    0.41159695386886597,
                    0.25458139181137085,
                    -0.8750863671302795,
                    0.00005978210174362175,
                    -0.8286820650100708,
                    0.5041727423667908,
                    -0.2430959939956665,
                    0.15292668342590332,
                    0.0,
                    0.0,
                    0.0,
                    1.0
                ],
                "ParentIndex": 25
            },
            {
                "Name": "LeftLowerArm",
                "Transform": [
                    0.9999988079071045,
                    0.0005431013414636254,
                    0.0014497687807306647,
                    2.4868995857482625e-16,
                    -0.0005430571036413312,
                    0.9999998807907104,
                    -0.000030880783015163615,
                    -7.105427198782324e-17,
                    -0.0014497853117063642,
                    0.0000300934370898176,
                    0.999998927116394,
                    0.1497313231229782,
                    0.0,
                    0.0,
                    0.0,
                    1.0
                ],
                "ParentIndex": 26
            },
            {
                "Name": "LeftLowerArm2",
                "Transform": [
                    0.9999959468841553,
                    4.9109633692978605e-8,
                    -0.0028384544420987368,
                    -1.4210854397564648e-16,
                    4.9109633692978605e-8,
                    1.0,
                    0.00003460301013546996,
                    -1.4210854397564648e-16,
                    0.0028384544420987368,
                    -0.00003460301013546996,
                    0.9999959468841553,
                    0.06671474128961563,
                    0.0,
                    0.0,
                    0.0,
                    1.0
                ],
                "ParentIndex": 27
            },
            {
                "Name": "LeftWrist",
                "Transform": [
                    0.9157752990722656,
                    0.400177538394928,
                    -0.03483643755316734,
                    -2.6290081561936886e-15,
                    -0.3971247673034668,
                    0.9149933457374573,
                    0.07126802951097488,
                    0.0,
                    0.06039496883749962,
                    -0.0514310859143734,
                    0.9968487024307251,
                    0.06863118708133698,
                    0.0,
                    0.0,
                    0.0,
                    1.0
                ],
                "ParentIndex": 28
            },
            {
                "Name": "LeftHand1",
                "Transform": [
                    0.9982784986495972,
                    -0.00191501434892416,
                    -0.05862070620059967,
                    -1.776356799695581e-17,
                    -0.011465471237897873,
                    0.9738125801086426,
                    -0.22706308960914612,
                    -7.105427198782324e-17,
                    0.057520411908626556,
                    0.2273443043231964,
                    0.9721142053604126,
                    0.09057891368865967,
                    0.0,
                    0.0,
                    0.0,
                    1.0
                ],
                "ParentIndex": 29
            },
            {
                "Name": "LeftHand2",
                "Transform": [
                    1.0,
                    4.85722573273506e-17,
                    5.551115123125783e-17,
                    -3.552713599391162e-17,
                    -4.85722573273506e-17,
                    1.0,
                    1.3877787807814457e-16,
                    1.4210854397564648e-16,
                    -5.551115123125783e-17,
                    -1.3877787807814457e-16,
                    1.0,
                    0.09398902952671051,
                    0.0,
                    0.0,
                    0.0,
                    1.0
                ],
                "ParentIndex": 30
            },
            {
                "Name": "LeftThumb1",
                "Transform": [
                    0.510170042514801,
                    -0.5867652297019958,
                    -0.6288346648216248,
                    -0.07517994940280914,
                    0.16011826694011688,
                    0.7831548452377319,
                    -0.600858211517334,
                    -0.016654400154948235,
                    0.8450376391410828,
                    0.2058519423007965,
                    0.4934939742088318,
                    0.03963978588581085,
                    0.0,
                    0.0,
                    0.0,
                    1.0
                ],
                "ParentIndex": 29
            },
            {
                "Name": "LeftThumb2",
                "Transform": [
                    0.8571649789810181,
                    -0.3225512206554413,
                    0.4015331566333771,
                    7.105427198782324e-17,
                    0.5026589632034302,
                    0.35397857427597046,
                    -0.7886906862258911,
                    -3.552713599391162e-17,
                    0.11225906014442444,
                    0.8778723478317261,
                    0.46555131673812866,
                    0.049634698778390884,
                    0.0,
                    0.0,
                    0.0,
                    1.0
                ],
                "ParentIndex": 32
            },
            {
                "Name": "LeftUpperArm_FK",
                "Transform": [
                    0.40701550245285034,
                    0.38671204447746277,
                    0.8275217413902283,
                    -0.0027035519015043974,
                    0.3865438401699066,
                    0.7479172945022583,
                    -0.5396328568458557,
                    0.00005978210174362175,
                    -0.8276003003120422,
                    0.5395123362541199,
                    0.15493273735046387,
                    0.15292668342590332,
                    0.0,
                    0.0,
                    0.0,
                    1.0
                ],
                "ParentIndex": 25
            },
            {
                "Name": "LeftLowerArm_FK",
                "Transform": [
                    0.9999318718910217,
                    0.0005432275356724858,
                    0.011660116724669933,
                    2.1316281596346973e-16,
                    -0.000050870905397459865,
                    0.9991098642349243,
                    -0.04218452796339989,
                    -5.329070399086743e-17,
                    -0.011672652326524258,
                    0.04218106344342232,
                    0.9990417957305908,
                    0.1497313231229782,
                    0.0,
                    0.0,
                    0.0,
                    1.0
                ],
                "ParentIndex": 34
            },
            {
                "Name": "LeftLowerArm_2_FK",
                "Transform": [
                    0.9999959468841553,
                    4.9109633692978605e-8,
                    -0.0028384544420987368,
                    -1.4210854397564648e-16,
                    4.9109633692978605e-8,
                    1.0,
                    0.00003460301013546996,
                    -1.4210854397564648e-16,
                    0.0028384544420987368,
                    -0.00003460301013546996,
                    0.9999959468841553,
                    0.06671474128961563,
                    0.0,
                    0.0,
                    0.0,
                    1.0
                ],
                "ParentIndex": 35
            },
            {
                "Name": "LeftWrist_FK",
                "Transform": [
                    0.0003177523612976074,
                    -0.9814871549606323,
                    -0.19152745604515076,
                    -2.700062362007063e-15,
                    0.996906042098999,
                    0.015365302562713623,
                    -0.07708573341369629,
                    1.776356799695581e-17,
                    0.07860154658555984,
                    -0.19091036915779114,
                    0.9784554243087769,
                    0.06863118708133698,
                    0.0,
                    0.0,
                    0.0,
                    1.0
                ],
                "ParentIndex": 36
            },
            {
                "Name": "LeftUpperArm_IK",
                "Transform": [
                    0.3793070912361145,
                    0.8252260088920593,
                    0.41848301887512207,
                    -0.0027035519015043974,
                    0.41159695386886597,
                    0.25458139181137085,
                    -0.8750863671302795,
                    0.00005978210174362175,
                    -0.8286820650100708,
                    0.5041727423667908,
                    -0.2430959939956665,
                    0.15292668342590332,
                    0.0,
                    0.0,
                    0.0,
                    1.0
                ],
                "ParentIndex": 25
            },
            {
                "Name": "LeftLowerArm_IK",
                "Transform": [
                    0.9999988079071045,
                    0.0005431013414636254,
                    0.0014497687807306647,
                    2.1316281596346973e-16,
                    -0.0005430571036413312,
                    0.9999998807907104,
                    -0.000030880783015163615,
                    -7.105427198782324e-17,
                    -0.0014497853117063642,
                    0.0000300934370898176,
                    0.999998927116394,
                    0.1497313231229782,
                    0.0,
                    0.0,
                    0.0,
                    1.0
                ],
                "ParentIndex": 38
            },
            {
                "Name": "LeftLowerArm2_IK",
                "Transform": [
                    0.9999959468841553,
                    4.9109633692978605e-8,
                    -0.0028384544420987368,
                    -7.105427198782324e-17,
                    4.9109633692978605e-8,
                    1.0,
                    0.00003460301013546996,
                    -7.105427198782324e-17,
                    0.0028384544420987368,
                    -0.00003460301013546996,
                    0.9999959468841553,
                    0.06671474128961563,
                    0.0,
                    0.0,
                    0.0,
                    1.0
                ],
                "ParentIndex": 39
            },
            {
                "Name": "LeftWrist_IK",
                "Transform": [
                    0.9157752990722656,
                    0.400177538394928,
                    -0.03483643755316734,
                    -2.700062362007063e-15,
                    -0.3971247673034668,
                    0.9149933457374573,
                    0.07126802951097488,
                    0.0,
                    0.06039496883749962,
                    -0.0514310859143734,
                    0.9968487024307251,
                    0.06863118708133698,
                    0.0,
                    0.0,
                    0.0,
                    1.0
                ],
                "ParentIndex": 40
            },
            {
                "Name": "RightShoulder",
                "Transform": [
                    -0.01767599582672119,
                    -0.21945218741893768,
                    0.9754630923271179,
                    -0.08406879007816315,
                    0.3076164722442627,
                    -0.9294867515563965,
                    -0.20353460311889648,
                    0.029100360348820686,
                    0.951346218585968,
                    0.29647088050842285,
                    0.08393675088882446,
                    0.2083737552165985,
                    0.0,
                    0.0,
                    0.0,
                    1.0
                ],
                "ParentIndex": 5
            },
            {
                "Name": "RightUpperArm",
                "Transform": [
                    0.9273875951766968,
                    -0.2467898726463318,
                    0.28115299344062805,
                    0.0031098206527531147,
                    0.3401380777359009,
                    0.24335098266601563,
                    -0.9083426594734192,
                    -0.000007143501079553971,
                    0.15575093030929565,
                    0.9380165934562683,
                    0.3096233606338501,
                    -0.15320268273353577,
                    0.0,
                    0.0,
                    0.0,
                    1.0
                ],
                "ParentIndex": 42
            },
            {
                "Name": "RightLowerArm",
                "Transform": [
                    0.9789044857025146,
                    0.14610736072063446,
                    0.1428236961364746,
                    -1.4474896659066872e-7,
                    0.00921197235584259,
                    0.6667536497116089,
                    -0.7452212572097778,
                    -6.198447977112664e-8,
                    -0.2041105329990387,
                    0.730816125869751,
                    0.6513422131538391,
                    -0.1497308760881424,
                    0.0,
                    0.0,
                    0.0,
                    1.0
                ],
                "ParentIndex": 43
            },
            {
                "Name": "RightLowerArm2",
                "Transform": [
                    0.9999959468841553,
                    4.910961237669653e-8,
                    -0.0028384544420987368,
                    -4.521109246979904e-7,
                    4.9109633692978605e-8,
                    1.0,
                    0.000034603002859512344,
                    2.8051605482914965e-8,
                    0.0028384544420987368,
                    -0.000034603002859512344,
                    0.9999959468841553,
                    -0.06671466678380966,
                    0.0,
                    0.0,
                    0.0,
                    1.0
                ],
                "ParentIndex": 44
            },
            {
                "Name": "RightWrist",
                "Transform": [
                    0.5408898591995239,
                    -0.8154653906822205,
                    -0.20604468882083893,
                    4.3071580080322747e-7,
                    0.6813845038414001,
                    0.5684522390365601,
                    -0.4610609710216522,
                    -4.741850645473278e-8,
                    0.49310582876205444,
                    0.10898759961128235,
                    0.8631154894828796,
                    -0.06863118708133698,
                    0.0,
                    0.0,
                    0.0,
                    1.0
                ],
                "ParentIndex": 45
            },
            {
                "Name": "RightHand1",
                "Transform": [
                    0.9982784986495972,
                    -0.00191501434892416,
                    -0.05862070620059967,
                    5.6638281620280395e-8,
                    -0.011465471237897873,
                    0.9738125801086426,
                    -0.22706308960914612,
                    -3.2673790428816574e-7,
                    0.057520411908626556,
                    0.2273443043231964,
                    0.9721142053604126,
                    -0.0905790701508522,
                    0.0,
                    0.0,
                    0.0,
                    1.0
                ],
                "ParentIndex": 46
            },
            {
                "Name": "RightHand2",
                "Transform": [
                    1.0,
                    4.622231866529366e-33,
                    1.1102230246251565e-16,
                    2.5626103905551645e-8,
                    0.0,
                    1.0,
                    -4.163336342344337e-17,
                    2.1987830223224591e-7,
                    -1.1102230246251565e-16,
                    4.163336342344337e-17,
                    1.0,
                    -0.09398884326219559,
                    0.0,
                    0.0,
                    0.0,
                    1.0
                ],
                "ParentIndex": 47
            },
            {
                "Name": "RightThumb1",
                "Transform": [
                    0.510170042514801,
                    -0.5867652297019958,
                    -0.6288346648216248,
                    0.07517994195222855,
                    0.16011826694011688,
                    0.7831548452377319,
                    -0.600858211517334,
                    0.01665434055030346,
                    0.8450376391410828,
                    0.2058519423007965,
                    0.4934939742088318,
                    -0.0396404005587101,
                    0.0,
                    0.0,
                    0.0,
                    1.0
                ],
                "ParentIndex": 46
            },
            {
                "Name": "RightThumb2",
                "Transform": [
                    0.8571649789810181,
                    -0.3225512206554413,
                    0.4015331566333771,
                    3.3009772693048944e-8,
                    0.5026589632034302,
                    0.35397857427597046,
                    -0.7886906862258911,
                    1.7018336961882596e-7,
                    0.11225906014442444,
                    0.8778723478317261,
                    0.46555131673812866,
                    -0.049634821712970734,
                    0.0,
                    0.0,
                    0.0,
                    1.0
                ],
                "ParentIndex": 49
            },
            {
                "Name": "RightUpperArm_FK",
                "Transform": [
                    0.9995235800743103,
                    -0.0033035047817975283,
                    -0.030687756836414337,
                    0.0031098206527531147,
                    -0.0023480153176933527,
                    0.9832362532615662,
                    -0.1823209822177887,
                    -0.000007143501079553971,
                    0.030775614082813263,
                    0.182306170463562,
                    0.9827600717544556,
                    -0.15320268273353577,
                    0.0,
                    0.0,
                    0.0,
                    1.0
                ],
                "ParentIndex": 42
            },
            {
                "Name": "RightLowerArm_FK",
                "Transform": [
                    0.9999318718910217,
                    0.0005432275356724858,
                    0.011660116724669933,
                    -1.4474896659066872e-7,
                    -0.000050870905397459865,
                    0.9991098642349243,
                    -0.04218452796339989,
                    -6.198447977112664e-8,
                    -0.011672652326524258,
                    0.04218106344342232,
                    0.9990417957305908,
                    -0.1497308760881424,
                    0.0,
                    0.0,
                    0.0,
                    1.0
                ],
                "ParentIndex": 51
            },
            {
                "Name": "RightLowerArm2_FK",
                "Transform": [
                    0.9999959468841553,
                    4.910961237669653e-8,
                    -0.0028384544420987368,
                    -4.521109246979904e-7,
                    4.9109633692978605e-8,
                    1.0,
                    0.000034603002859512344,
                    2.8051605482914965e-8,
                    0.0028384544420987368,
                    -0.000034603002859512344,
                    0.9999959468841553,
                    -0.06671466678380966,
                    0.0,
                    0.0,
                    0.0,
                    1.0
                ],
                "ParentIndex": 52
            },
            {
                "Name": "RightWrist_FK",
                "Transform": [
                    0.0003177523612976074,
                    -0.9814871549606323,
                    -0.19152745604515076,
                    4.3071580080322747e-7,
                    0.996906042098999,
                    0.015365302562713623,
                    -0.07708573341369629,
                    -4.741850645473278e-8,
                    0.07860154658555984,
                    -0.19091036915779114,
                    0.9784554243087769,
