{
    "Scene": {
        "UID": 16893933864179205954,
        "Name": "final",
        "RootGameObject": 15669462296004313519,
        "GameObjects": [
            {
                "UID": 15669462296004313519,
                "ParentUID": 0,
                "Name": "SceneModule GameObject",
                "Mobility": 1,
                "LocalTransform": [
                    1.0,
                    0.0,
                    0.0,
                    0.0,
                    0.0,
                    1.0,
                    0.0,
                    0.0,
                    0.0,
                    0.0,
                    1.0,
                    0.0,
                    0.0,
                    0.0,
                    0.0,
                    1.0
                ],
                "Components": [],
                "Children": [
                    12707957811986802876,
                    7103992282375093059,
                    121336566787313518
                ]
            },
            {
                "UID": 12707957811986802876,
                "ParentUID": 15669462296004313519,
                "Name": "Robot",
                "Mobility": 1,
                "LocalTransform": [
                    1.0,
                    0.0,
                    0.0,
                    0.0,
                    0.0,
                    0.6691306829452515,
                    -0.7431449890136719,
                    0.0,
                    0.0,
                    0.7431449890136719,
                    0.6691306829452515,
                    -6.0,
                    0.0,
                    0.0,
                    0.0,
                    1.0
                ],
                "Components": [
                    {
                        "UID": 3233078715,
                        "ParentUID": 12707957811986802876,
                        "Type": 1,
                        "Enabled": true,
                        "Name": "Mesh",
                        "Mesh": 1114551704884827,
                        "Material": 1378520981369562
                    }
                ],
                "Children": []
            },
            {
                "UID": 7103992282375093059,
                "ParentUID": 15669462296004313519,
                "Name": "Clock",
                "Mobility": 1,
                "LocalTransform": [
                    0.9804750084877014,
                    -0.025149689987301826,
                    0.19503003358840942,
                    -9.0,
                    0.13670668005943298,
                    0.8000926375389099,
                    -0.5840924382209778,
                    -2.2294347286224365,
                    -0.14135219156742096,
                    0.5993500351905823,
                    0.7879086136817932,
                    0.007391929626464844,
                    0.0,
                    0.0,
                    0.0,
                    1.0
                ],
                "Components": [
                    {
                        "UID": 619153940,
                        "ParentUID": 7103992282375093059,
                        "Type": 1,
                        "Enabled": true,
                        "Name": "Mesh",
                        "Mesh": 1107116317507835,
                        "Material": 1338670816551630
                    }
                ],
                "Children": []
            },
            {
                "UID": 121336566787313518,
                "ParentUID": 15669462296004313519,
                "Name": "Drawers",
                "Mobility": 1,
                "LocalTransform": [
                    -0.6022052764892578,
                    -5.1611635853987536e-8,
                    -0.7983440160751343,
                    -10.720236778259277,
                    -1.4826160743552919e-8,
                    0.9999999403953552,
                    -5.3461508997543206e-8,
                    -7.365707119788567e-7,
                    0.7983438372612,
                    -2.035847046499839e-8,
                    -0.6022045612335205,
                    -9.004250526428223,
                    0.0,
                    0.0,
                    0.0,
                    1.0
                ],
                "Components": [
                    {
                        "UID": 391578938,
                        "ParentUID": 121336566787313518,
                        "Type": 1,
                        "Enabled": true,
                        "Name": "Mesh",
                        "Mesh": 1182280659502797,
                        "Material": 1394412070044591
                    }
                ],
                "Children": []
            }
        ],
        "Lights Config": {
            "Ambient Color": [
                1.0,
                1.0,
                1.0
            ],
            "Ambient Intensity": 0.20000000298023224,
            "Skybox UID": 1206779861952962
        }
    }
}