{
    "Scene": {
        "UID": 16893933864179205954,
        "Name": "final",
        "RootGameObject": 15669462296004313519,
        "GameObjects": [
            {
                "UID": 15669462296004313519,
                "ParentUID": 0,
                "Name": "SceneModule GameObject",
                "Mobility": 1,
                "LocalTransform": [
                    1.0,
                    0.0,
                    0.0,
                    0.0,
                    0.0,
                    1.0,
                    0.0,
                    0.0,
                    0.0,
                    0.0,
                    1.0,
                    0.0,
                    0.0,
                    0.0,
                    0.0,
                    1.0
                ],
                "Components": [],
                "Children": [
                    12707957811986802876,
                    7103992282375093059,
                    121336566787313518,
                    1077782218811825827,
                    8546780285035952842,
                    4982196146567869707
                ]
            },
            {
                "UID": 8546780285035952842,
                "ParentUID": 15669462296004313519,
                "Name": "DLIGHT",
                "Mobility": 1,
                "LocalTransform": [
                    0.9999358654022217,
                    -0.007550230715423822,
                    -0.008391425013542175,
                    1.8392078876495361,
                    0.0,
                    0.7434229254722595,
                    -0.6688214540481567,
                    3.7054593563079834,
                    0.011288879439234734,
                    0.6687796711921692,
                    0.7433749437332153,
                    5.776330947875977,
                    0.0,
                    0.0,
                    0.0,
                    1.0
                ],
                "Components": [
                    {
                        "UID": 3652013374,
                        "ParentUID": 8546780285035952842,
                        "Type": 4,
                        "Enabled": true,
                        "Name": "Directional Light",
                        "Intensity": 1.0,
                        "ColorRed": 1.0,
                        "ColorGreen": 1.0,
                        "ColorBlue": 1.0,
                        "DrawGizmos": true
                    }
                ],
                "Children": []
            },
            {
                "UID": 4982196146567869707,
                "ParentUID": 15669462296004313519,
                "Name": "PLIGHHT",
                "Mobility": 1,
                "LocalTransform": [
                    1.0,
                    0.0,
                    0.0,
                    -1.2490262985229492,
                    0.0,
                    1.0,
                    0.0,
                    2.0381906032562256,
                    0.0,
                    0.0,
                    1.0,
                    1.3619017601013184,
                    0.0,
                    0.0,
                    0.0,
                    1.0
                ],
                "Components": [
                    {
                        "UID": 1054344273,
                        "ParentUID": 4982196146567869707,
                        "Type": 2,
                        "Enabled": true,
                        "Name": "Point Light",
                        "Intensity": 100.0,
                        "ColorRed": 1.0,
                        "ColorGreen": 1.0,
                        "ColorBlue": 0.0,
                        "DrawGizmos": false,
                        "Range": 10.0,
                        "GizmosMode": 1
                    }
                ],
                "Children": []
            },
            {
                "UID": 12707957811986802876,
                "ParentUID": 15669462296004313519,
                "Name": "Robot",
                "Mobility": 1,
                "LocalTransform": [
                    1.0,
                    0.0,
                    0.0,
                    0.0,
                    0.0,
                    0.6691306829452515,
                    -0.7431449890136719,
                    0.0,
                    0.0,
                    0.7431449890136719,
                    0.6691306829452515,
                    -6.0,
                    0.0,
                    0.0,
                    0.0,
                    1.0
                ],
                "Components": [
                    {
                        "UID": 3233078715,
                        "ParentUID": 12707957811986802876,
                        "Type": 1,
                        "Enabled": true,
                        "Name": "Mesh",
                        "Mesh": 1199065820978570,
                        "Material": 1302428436367250
                    }
                ],
                "Children": []
            },
            {
                "UID": 7103992282375093059,
                "ParentUID": 15669462296004313519,
                "Name": "Clock",
                "Mobility": 1,
                "LocalTransform": [
                    0.9804750084877014,
                    -0.025149689987301826,
                    0.19503003358840942,
                    -9.0,
                    0.13670668005943298,
                    0.8000926375389099,
                    -0.5840924382209778,
                    -2.2294347286224365,
                    -0.14135219156742096,
                    0.5993500351905823,
                    0.7879086136817932,
                    0.007391929626464844,
                    0.0,
                    0.0,
                    0.0,
                    1.0
                ],
                "Components": [
                    {
                        "UID": 619153940,
                        "ParentUID": 7103992282375093059,
                        "Type": 1,
                        "Enabled": true,
                        "Name": "Mesh",
                        "Mesh": 1115159156586115,
                        "Material": 1386357050443265
                    }
                ],
                "Children": []
            },
            {
                "UID": 1077782218811825827,
                "ParentUID": 15669462296004313519,
                "Name": "helmet",
                "Mobility": 1,
                "LocalTransform": [
                    1.0,
                    0.0,
                    0.0,
                    -3.9757065773010254,
                    0.0,
                    1.0,
                    0.0,
                    1.9577245712280273,
                    0.0,
                    0.0,
                    1.0,
                    3.7408206462860107,
                    0.0,
                    0.0,
                    0.0,
                    1.0
                ],
                "Components": [
                    {
                        "UID": 3943438997,
                        "ParentUID": 1077782218811825827,
                        "Type": 1,
                        "Enabled": true,
                        "Name": "Mesh",
                        "Mesh": 1157318006189490,
                        "Material": 1349919498992507
                    }
                ],
                "Children": []
            },
            {
                "UID": 121336566787313518,
                "ParentUID": 15669462296004313519,
                "Name": "Drawers",
                "Mobility": 1,
                "LocalTransform": [
                    -0.6022052764892578,
                    -5.1611635853987536e-8,
                    -0.7983440160751343,
                    -10.720236778259277,
                    -1.4826160743552919e-8,
                    0.9999999403953552,
                    -5.3461508997543206e-8,
                    -7.365707119788567e-7,
                    0.7983438372612,
                    -2.035847046499839e-8,
                    -0.6022045612335205,
                    -9.004250526428223,
                    0.0,
                    0.0,
                    0.0,
                    1.0
                ],
                "Components": [
                    {
                        "UID": 391578938,
                        "ParentUID": 121336566787313518,
                        "Type": 1,
                        "Enabled": true,
                        "Name": "Mesh",
                        "Mesh": 1153313518663731,
                        "Material": 1327299028901811
                    }
                ],
                "Children": []
            },
            {
                "UID": 10063071191538437830,
                "ParentUID": 15669462296004313519,
                "Name": "new Game Object",
                "Mobility": 1,
                "LocalTransform": [
                    1.0,
                    0.0,
                    0.0,
                    0.0,
                    0.0,
                    1.0,
                    0.0,
                    0.0,
                    0.0,
                    0.0,
                    1.0,
                    0.0,
                    0.0,
                    0.0,
                    0.0,
                    1.0
                ],
                "Components": [],
                "Children": []
            },
            {
                "UID": 2203488987845749467,
                "ParentUID": 15669462296004313519,
                "Name": "new Game Object",
                "Mobility": 1,
                "LocalTransform": [
                    1.0,
                    0.0,
                    0.0,
                    0.0,
                    0.0,
                    1.0,
                    0.0,
                    0.0,
                    0.0,
                    0.0,
                    1.0,
                    0.0,
                    0.0,
                    0.0,
                    0.0,
                    1.0
                ],
                "Components": [],
                "Children": []
            }
        ],
        "Lights Config": {
            "Ambient Color": [
                1.0,
                1.0,
                1.0
            ],
            "Ambient Intensity": 0.20000000298023224,
            "Skybox UID": 1211595514475110
        }
    }
}