{
    "Scene": {
        "UID": 16782652700383367469,
        "Name": "New Scene",
        "RootGameObject": 16931265599210347542,
        "GameObjects": [
            {
                "UID": 16931265599210347542,
                "ParentUID": 0,
                "Name": "SceneModule GameObject",
                "Mobility": 1,
                "LocalTransform": [
                    1.0,
                    0.0,
                    0.0,
                    0.0,
                    0.0,
                    1.0,
                    0.0,
                    0.0,
                    0.0,
                    0.0,
                    1.0,
                    0.0,
                    0.0,
                    0.0,
                    0.0,
                    1.0
                ],
                "Components": [],
                "Children": [
                    5460688033020342489,
                    8348074697055649092,
                    15049403179481092868,
                    8630380876507570565,
                    1092892648324008762,
                    7094892842930591246
                ]
            },
            {
                "UID": 6549718575557536323,
                "ParentUID": 5516604757874354492,
                "Name": "Mesh 1",
                "Mobility": 1,
                "LocalTransform": [
                    1.0,
                    0.0,
                    0.0,
                    0.0,
                    0.0,
                    1.0,
                    0.0,
                    0.0,
                    0.0,
                    0.0,
                    1.0,
                    0.0,
                    0.0,
                    0.0,
                    0.0,
                    1.0
                ],
                "Components": [
                    {
                        "UID": 1526924579,
                        "ParentUID": 6549718575557536323,
                        "Type": 1,
                        "Enabled": true,
                        "Name": "Mesh",
                        "Mesh": 1152566723333232,
                        "Material": 1352289705871197,
                        "Bones": [
                            5553683227463541720,
                            5568933241380559858,
                            5585379337178502641,
                            5601526412506214263,
                            5616776430718199699,
                            5652658818426462282,
                            5667310795697985396,
                            5683158850555465856,
                            5702296126290521793,
                            5715752021681120261,
                            5729506937541949891,
                            5745055976224166488,
                            5847021767594431365,
                            5861673744865954478,
                            5875129640256552947,
                            5975899349745893179,
                            5989953286076953970,
                            6006399381874896753,
                            6021350379616651028
                        ],
                        "ModelUID": 1427037079356374,
                        "SkinIndex": 0
                    }
                ],
                "Children": []
            },
            {
                "UID": 5460688033020342489,
                "ParentUID": 16931265599210347542,
                "Name": "RootNode",
                "Mobility": 1,
                "LocalTransform": [
                    1.0,
                    0.0,
                    0.0,
                    5.794153213500977,
                    0.0,
                    1.0,
                    0.0,
                    -0.0000034956706258526538,
                    0.0,
                    0.0,
                    1.0,
                    -3.189176559448242,
                    0.0,
                    0.0,
                    0.0,
                    1.0
                ],
                "Components": [],
                "Children": [
                    5516604757874354492,
                    5537237131665598937
                ]
            },
            {
                "UID": 5516604757874354492,
                "ParentUID": 5460688033020342489,
                "Name": "Zombunny",
                "Mobility": 1,
                "LocalTransform": [
                    1.0,
                    0.0,
                    0.0,
                    0.0,
                    0.0,
                    1.0,
                    0.0,
                    0.0,
                    0.0,
                    0.0,
                    1.0,
                    0.0,
                    0.0,
                    0.0,
                    0.0,
                    1.0
                ],
                "Components": [],
                "Children": [
                    6549718575557536323,
                    522561473534009396
                ]
            },
            {
                "UID": 6021350379616651028,
                "ParentUID": 6006399381874896753,
                "Name": "RightFoot",
                "Mobility": 1,
                "LocalTransform": [
                    0.9998040199279785,
                    0.017338348552584648,
                    -0.009557528421282768,
                    -0.00982758030295372,
                    0.0,
                    0.4827498197555542,
                    0.8757582902908325,
                    0.09173905849456787,
                    0.019798098132014275,
                    -0.8755866289138794,
                    0.4826551675796509,
                    -0.24033106863498688,
                    0.0,
                    0.0,
                    0.0,
                    1.0
                ],
                "Components": [],
                "Children": []
            },
            {
                "UID": 5537237131665598937,
                "ParentUID": 5460688033020342489,
                "Name": "Ctrl_Grp",
                "Mobility": 1,
                "LocalTransform": [
                    1.0,
                    0.0,
                    0.0,
                    0.0,
                    0.0,
                    1.0,
                    0.0,
                    0.0,
                    0.0,
                    0.0,
                    1.0,
                    0.0,
                    0.0,
                    0.0,
                    0.0,
                    1.0
                ],
                "Components": [],
                "Children": [
                    5553683227463541720
                ]
            },
            {
                "UID": 1801868873277066213,
                "ParentUID": 1786618859360048074,
                "Name": "LeftLowerArm2_IK",
                "Mobility": 1,
                "LocalTransform": [
                    0.9999959468841553,
                    4.9109633692978605e-8,
                    -0.0028384544420987368,
                    -7.105427198782324e-17,
                    4.9109633692978605e-8,
                    1.0,
                    0.00003460301013546996,
                    -7.105427198782324e-17,
                    0.0028384544420987368,
                    -0.00003460301013546996,
                    0.9999959468841553,
                    0.06671474128961563,
                    0.0,
                    0.0,
                    0.0,
                    1.0
                ],
                "Components": [],
                "Children": [
                    1816520850548589326
                ]
            },
            {
                "UID": 5553683227463541720,
                "ParentUID": 5537237131665598937,
                "Name": "Root",
                "Mobility": 1,
                "LocalTransform": [
                    5.960464477539063e-8,
                    -0.9999999403953552,
                    0.0,
                    0.0,
                    0.9999999403953552,
                    5.960464477539063e-8,
                    0.0,
                    0.0,
                    0.0,
                    0.0,
                    1.0,
                    0.0,
                    0.0,
                    0.0,
                    0.0,
                    1.0
                ],
                "Components": [],
                "Children": [
                    5568933241380559858
                ]
            },
            {
                "UID": 1744457050366865701,
                "ParentUID": 1729207032154880266,
                "Name": "LeftLowerArm_2_FK",
                "Mobility": 1,
                "LocalTransform": [
                    0.9999959468841553,
                    4.9109633692978605e-8,
                    -0.0028384544420987368,
                    -1.4210854397564648e-16,
                    4.9109633692978605e-8,
                    1.0,
                    0.00003460301013546996,
                    -1.4210854397564648e-16,
                    0.0028384544420987368,
                    -0.00003460301013546996,
                    0.9999959468841553,
                    0.06671474128961563,
                    0.0,
                    0.0,
                    0.0,
                    1.0
                ],
                "Components": [],
                "Children": [
                    1757912945757464170
                ]
            },
            {
                "UID": 5667310795697985396,
                "ParentUID": 5652658818426462282,
                "Name": "LeftEarEnd",
                "Mobility": 1,
                "LocalTransform": [
                    1.0,
                    0.0,
                    0.0,
                    -1.4210854397564648e-16,
                    0.0,
                    1.0,
                    0.0,
                    2.4868995857482625e-16,
                    0.0,
                    0.0,
                    1.0,
                    0.21373941004276276,
                    0.0,
                    0.0,
                    0.0,
                    1.0
                ],
                "Components": [],
                "Children": []
            },
            {
                "UID": 8394721800217396991,
                "ParentUID": 8348074697055649092,
                "Name": "Wall",
                "Mobility": 1,
                "LocalTransform": [
                    1.0,
                    0.0,
                    0.0,
                    0.0,
                    0.0,
                    1.0,
                    0.0,
                    0.0,
                    0.0,
                    0.0,
                    1.0,
                    0.0,
                    0.0,
                    0.0,
                    0.0,
                    1.0
                ],
                "Components": [],
                "Children": [
                    8740089807679228139
                ]
            },
            {
                "UID": 5601526412506214263,
                "ParentUID": 5585379337178502641,
                "Name": "Head",
                "Mobility": 1,
                "LocalTransform": [
                    0.990496814250946,
                    0.08263042569160461,
                    0.10994669049978256,
                    7.105427198782324e-17,
                    -0.054260510951280594,
                    0.96933513879776,
                    -0.23967716097831726,
                    8.881783998477905e-18,
                    -0.1263798177242279,
                    0.2314336895942688,
                    0.9646069407463074,
                    0.23028619587421417,
                    0.0,
                    0.0,
                    0.0,
                    1.0
                ],
                "Components": [],
                "Children": [
                    5616776430718199699,
                    5652658818426462282,
                    5683158850555465856
                ]
            },
            {
                "UID": 8348074697055649092,
                "ParentUID": 16931265599210347542,
                "Name": "RootNode",
                "Mobility": 1,
                "LocalTransform": [
                    1.0,
                    0.0,
                    0.0,
                    -10.347960472106934,
                    0.0,
                    1.0,
                    0.0,
                    0.0,
                    0.0,
                    0.0,
                    1.0,
                    10.146491050720215,
                    0.0,
                    0.0,
                    0.0,
                    1.0
                ],
                "Components": [],
                "Children": [
                    8394721800217396991,
                    8415653194478872597
                ]
            },
            {
                "UID": 1651162835453435309,
                "ParentUID": 1637706940062836840,
                "Name": "LeftHand2",
                "Mobility": 1,
                "LocalTransform": [
                    1.0,
                    4.85722573273506e-17,
                    5.551115123125783e-17,
                    -3.552713599391162e-17,
                    -4.85722573273506e-17,
                    1.0,
                    1.3877787807814457e-16,
                    1.4210854397564648e-16,
                    -5.551115123125783e-17,
                    -1.3877787807814457e-16,
                    1.0,
                    0.09398902952671051,
                    0.0,
                    0.0,
                    0.0,
                    1.0
                ],
                "Components": [],
                "Children": []
            },
            {
                "UID": 5568933241380559858,
                "ParentUID": 5553683227463541720,
                "Name": "Hips",
                "Mobility": 1,
                "LocalTransform": [
                    0.08235752582550049,
                    -0.03420817852020264,
                    0.9960155487060547,
                    0.2909983694553375,
                    -0.996405839920044,
                    -0.0226975679397583,
                    0.08161023259162903,
                    0.0027264284435659647,
                    0.019815444946289063,
                    -0.9991569519042969,
                    -0.03595459461212158,
                    0.0002082364517264068,
                    0.0,
                    0.0,
                    0.0,
                    1.0
                ],
                "Components": [],
                "Children": [
                    5585379337178502641,
                    5975899349745893179,
                    6006399381874896753
                ]
            },
            {
                "UID": 5833565872203832896,
                "ParentUID": 5817717813051385138,
                "Name": "LeftWristIK",
                "Mobility": 1,
                "LocalTransform": [
                    -0.9400064945220947,
                    -0.12430647760629654,
                    0.31770339608192444,
                    4.2632563192693945e-16,
                    0.131098672747612,
                    -0.9913692474365234,
                    -2.7939677238464355e-8,
                    0.0,
                    0.31496140360832214,
                    0.041650474071502686,
                    0.9481901526451111,
                    0.23802845180034637,
                    0.0,
                    0.0,
                    0.0,
                    1.0
                ],
                "Components": [],
                "Children": []
            },
            {
                "UID": 5585379337178502641,
                "ParentUID": 5568933241380559858,
                "Name": "Spine",
                "Mobility": 1,
                "LocalTransform": [
                    0.9736145734786987,
                    -0.02847176045179367,
                    -0.22641563415527344,
                    0.0002581339213065803,
                    -0.013177085667848587,
                    0.9835160374641418,
                    -0.18034015595912933,
                    -0.00005960099588264711,
                    0.22781801223754883,
                    0.17856530845165253,
                    0.9571903347969055,
                    0.19401027262210846,
                    0.0,
                    0.0,
                    0.0,
                    1.0
                ],
                "Components": [],
                "Children": [
                    5601526412506214263,
                    5715752021681120261,
                    5758810892084996118,
                    5799477598727022685,
                    5847021767594431365,
                    5889781617528076060,
                    5931046365110564950
                ]
            },
            {
                "UID": 5616776430718199699,
                "ParentUID": 5601526412506214263,
                "Name": "HeadEnd",
                "Mobility": 1,
                "LocalTransform": [
                    1.0,
                    0.0,
                    0.0,
                    1.376676561123106e-16,
                    0.0,
                    1.0,
                    0.0,
                    -3.552713599391162e-17,
                    0.0,
                    0.0,
                    1.0,
                    0.36048606038093567,
                    0.0,
                    0.0,
                    0.0,
                    1.0
                ],
                "Components": [],
                "Children": []
            },
            {
                "UID": 1918785662389085364,
                "ParentUID": 1905927803643981921,
                "Name": "RightHand2",
                "Mobility": 1,
                "LocalTransform": [
                    1.0,
                    4.622231866529366e-33,
                    1.1102230246251565e-16,
                    2.5626103905551645e-8,
                    0.0,
                    1.0,
                    -4.163336342344337e-17,
                    2.1987830223224591e-7,
                    -1.1102230246251565e-16,
                    4.163336342344337e-17,
                    1.0,
                    -0.09398884326219559,
                    0.0,
                    0.0,
                    0.0,
                    1.0
                ],
                "Components": [],
                "Children": []
            },
            {
                "UID": 1757912945757464170,
                "ParentUID": 1744457050366865701,
                "Name": "LeftWrist_FK",
                "Mobility": 1,
                "LocalTransform": [
                    0.0003177523612976074,
                    -0.9814871549606323,
                    -0.19152745604515076,
                    -2.700062362007063e-15,
                    0.996906042098999,
                    0.015365302562713623,
                    -0.07708573341369629,
                    1.776356799695581e-17,
                    0.07860154658555984,
                    -0.19091036915779114,
                    0.9784554243087769,
                    0.06863118708133698,
                    0.0,
                    0.0,
                    0.0,
                    1.0
                ],
                "Components": [],
                "Children": []
            },
            {
                "UID": 5875129640256552947,
                "ParentUID": 5861673744865954478,
                "Name": "RightWrist",
                "Mobility": 1,
                "LocalTransform": [
                    1.0,
                    0.0,
                    0.0,
                    -1.4210854397564648e-16,
                    0.0,
                    1.0,
                    0.0,
                    -9.769962563761818e-17,
                    0.0,
                    0.0,
                    1.0,
                    -0.23802900314331055,
                    0.0,
                    0.0,
                    0.0,
                    1.0
                ],
                "Components": [],
                "Children": []
            },
            {
                "UID": 5961546397239568524,
                "ParentUID": 5945698338087120766,
                "Name": "RightWristIK",
                "Mobility": 1,
                "LocalTransform": [
                    -0.931799054145813,
                    -0.18528158962726593,
                    -0.31212422251701355,
                    -1.4210854397564648e-16,
                    0.195024773478508,
                    -0.9807983636856079,
                    -1.862645149230957e-8,
                    -3.552713599391162e-17,
                    -0.30613091588020325,
                    -0.06087197735905647,
                    0.9500412940979004,
                    -0.23802900314331055,
                    0.0,
                    0.0,
                    0.0,
                    1.0
                ],
                "Components": [],
                "Children": []
            },
            {
                "UID": 5652658818426462282,
                "ParentUID": 5601526412506214263,
                "Name": "LeftEar",
                "Mobility": 1,
                "LocalTransform": [
                    0.5738646388053894,
                    -0.18254461884498596,
                    0.7983463406562805,
                    0.33966490626335144,
                    -0.05328433960676193,
                    0.964452862739563,
                    0.2588270902633667,
                    0.06945112347602844,
                    -0.8172149062156677,
                    -0.1910710632801056,
                    0.543738603591919,
                    0.40904220938682556,
                    0.0,
                    0.0,
                    0.0,
                    1.0
                ],
                "Components": [],
                "Children": [
                    5667310795697985396
                ]
            },
            {
                "UID": 8740089807679228139,
                "ParentUID": 8394721800217396991,
                "Name": "Mesh 1",
                "Mobility": 1,
                "LocalTransform": [
                    1.0,
                    0.0,
                    0.0,
                    0.0,
                    0.0,
                    1.0,
                    0.0,
                    0.0,
                    0.0,
                    0.0,
                    1.0,
                    0.0,
                    0.0,
                    0.0,
                    0.0,
                    1.0
                ],
                "Components": [
                    {
                        "UID": 2036979744,
                        "ParentUID": 8740089807679228139,
                        "Type": 1,
                        "Enabled": true,
                        "Name": "Mesh",
                        "Mesh": 1185072238712738,
                        "Material": 1361203432179654
                    }
                ],
                "Children": []
            },
            {
                "UID": 8630380876507570565,
                "ParentUID": 16931265599210347542,
                "Name": "RootNode",
                "Mobility": 1,
                "LocalTransform": [
                    1.0,
                    0.0,
                    0.0,
                    -9.569581985473633,
                    0.0,
                    1.0,
                    0.0,
                    0.000008347677066922188,
                    0.0,
                    0.0,
                    1.0,
                    9.57844066619873,
                    0.0,
                    0.0,
                    0.0,
                    1.0
                ],
                "Components": [],
                "Children": [
                    8695567218758879376,
                    8715302535434397634,
                    8731748626937373120
                ]
            },
            {
                "UID": 5683158850555465856,
                "ParentUID": 5601526412506214263,
                "Name": "RightEar",
                "Mobility": 1,
                "LocalTransform": [
                    0.8211361765861511,
                    -0.14109382033348083,
                    0.5530170798301697,
                    -0.3396649956703186,
                    0.013818442821502686,
                    -0.9637616872787476,
                    -0.2664070129394531,
                    0.06945109367370605,
                    0.5705650448799133,
                    0.2263982743024826,
                    -0.7894299030303955,
                    0.4090425372123718,
                    0.0,
                    0.0,
                    0.0,
                    1.0
                ],
                "Components": [],
                "Children": [
                    5702296126290521793
                ]
            },
            {
                "UID": 5702296126290521793,
                "ParentUID": 5683158850555465856,
                "Name": "RightEarEnd",
                "Mobility": 1,
                "LocalTransform": [
                    1.0,
                    0.0,
                    0.0,
                    -8.285292665277666e-7,
                    0.0,
                    1.0,
                    0.0,
                    -9.097042408257039e-8,
                    0.0,
                    0.0,
                    1.0,
                    -0.2137383073568344,
                    0.0,
                    0.0,
                    0.0,
                    1.0
                ],
                "Components": [],
                "Children": []
            },
            {
                "UID": 5799477598727022685,
                "ParentUID": 5585379337178502641,
                "Name": "LeftUpperArmIK",
                "Mobility": 1,
                "LocalTransform": [
                    0.5943189859390259,
                    -0.016260763630270958,
                    0.8040649890899658,
                    0.17286542057991028,
                    0.0037804883904755116,
                    -0.9997279644012451,
                    -0.023012015968561172,
                    0.06917708367109299,
                    0.8042205572128296,
                    0.016716234385967255,
                    -0.5940958261489868,
                    0.1919027417898178,
                    0.0,
                    0.0,
                    0.0,
                    1.0
                ],
                "Components": [],
                "Children": [
                    5817717813051385138
                ]
            },
            {
                "UID": 1412843958765864184,
                "ParentUID": 1397294924378614884,
                "Name": "LeftBrow3End",
                "Mobility": 1,
                "LocalTransform": [
                    0.991216778755188,
                    0.06976082175970078,
                    0.11235109716653824,
                    -7.105427198782324e-17,
                    -0.053225599229335785,
                    0.9881486296653748,
                    -0.14397679269313812,
                    -1.4210854397564648e-16,
                    -0.12106352299451828,
                    0.13673226535320282,
                    0.9831825494766235,
                    0.18445375561714172,
                    0.0,
                    0.0,
                    0.0,
                    1.0
                ],
                "Components": [],
                "Children": []
            },
            {
                "UID": 5715752021681120261,
                "ParentUID": 5585379337178502641,
                "Name": "LeftUpperArm",
                "Mobility": 1,
                "LocalTransform": [
                    -0.10497522354125977,
                    0.884840190410614,
                    0.45391422510147095,
                    0.17286542057991028,
                    0.09591269493103027,
                    0.46331650018692017,
                    -0.880987286567688,
                    0.06917708367109299,
                    -0.9898388981819153,
                    -0.04894563555717468,
                    -0.13350415229797363,
                    0.1919027417898178,
                    0.0,
                    0.0,
                    0.0,
                    1.0
                ],
                "Components": [],
                "Children": [
                    5729506937541949891
                ]
            },
            {
                "UID": 5729506937541949891,
                "ParentUID": 5715752021681120261,
                "Name": "LeftLowerArm",
                "Mobility": 1,
                "LocalTransform": [
                    0.9981038570404053,
                    0.016097696498036385,
                    -0.059410035610198975,
                    0.0,
                    -0.017469407990574837,
                    0.9995909929275513,
                    -0.022642144933342934,
                    0.0,
                    0.059021249413490295,
                    0.023637069389224052,
                    0.9979768395423889,
                    0.2511610686779022,
                    0.0,
                    0.0,
                    0.0,
                    1.0
                ],
                "Components": [],
                "Children": [
                    5745055976224166488
                ]
            },
            {
                "UID": 522561473534009396,
                "ParentUID": 5516604757874354492,
                "Name": "Mesh 2",
                "Mobility": 1,
                "LocalTransform": [
                    1.0,
                    0.0,
                    0.0,
                    0.0,
                    0.0,
                    1.0,
                    0.0,
                    0.0,
                    0.0,
                    0.0,
                    1.0,
                    0.0,
                    0.0,
                    0.0,
                    0.0,
                    1.0
                ],
                "Components": [
                    {
                        "UID": 123896196,
                        "ParentUID": 522561473534009396,
                        "Type": 1,
                        "Enabled": true,
                        "Name": "Mesh",
                        "Mesh": 1193044507272654,
                        "Material": 1307716788649095,
                        "Bones": [
                            5553683227463541720,
                            5568933241380559858,
                            5585379337178502641,
                            5601526412506214263,
                            5616776430718199699,
                            5652658818426462282,
                            5667310795697985396,
                            5683158850555465856,
                            5702296126290521793,
                            5715752021681120261,
                            5729506937541949891,
                            5745055976224166488,
                            5847021767594431365,
                            5861673744865954478,
                            5875129640256552947,
                            5975899349745893179,
                            5989953286076953970,
                            6006399381874896753,
                            6021350379616651028
                        ],
                        "ModelUID": 1427037079356374,
                        "SkinIndex": 0
                    }
                ],
                "Children": []
            },
            {
                "UID": 5745055976224166488,
                "ParentUID": 5729506937541949891,
                "Name": "LeftWrist",
                "Mobility": 1,
                "LocalTransform": [
                    0.9995995759963989,
                    4.007864437492545e-17,
                    -0.028296370059251785,
                    2.8421708795129297e-16,
                    -4.163336011472092e-17,
                    1.0,
                    -5.435484207041485e-17,
                    0.0,
                    0.028296370059251785,
                    5.5511147922535377e-17,
                    0.9995995759963989,
                    0.23802845180034637,
                    0.0,
                    0.0,
                    0.0,
                    1.0
                ],
                "Components": [],
                "Children": []
            },
            {
                "UID": 5758810892084996118,
                "ParentUID": 5585379337178502641,
                "Name": "LeftUpperArmFK",
                "Mobility": 1,
                "LocalTransform": [
                    -0.10497522354125977,
                    0.884840190410614,
                    0.45391422510147095,
                    0.17286542057991028,
                    0.09591269493103027,
                    0.46331650018692017,
                    -0.880987286567688,
                    0.06917708367109299,
                    -0.9898388981819153,
                    -0.04894563555717468,
                    -0.13350415229797363,
                    0.1919027417898178,
                    0.0,
                    0.0,
                    0.0,
                    1.0
                ],
                "Components": [],
                "Children": [
                    5772565807945825748
                ]
            },
            {
                "UID": 5772565807945825748,
                "ParentUID": 5758810892084996118,
                "Name": "LeftLowerArmFK",
                "Mobility": 1,
                "LocalTransform": [
                    0.9981038570404053,
                    0.016097696498036385,
                    -0.059410035610198975,
                    -1.4210854397564648e-16,
                    -0.017469407990574837,
                    0.9995909929275513,
                    -0.022642144933342934,
                    3.552713599391162e-17,
                    0.059021249413490295,
                    0.023637069389224052,
                    0.9979768395423889,
                    0.2511610686779022,
                    0.0,
                    0.0,
                    0.0,
                    1.0
                ],
                "Components": [],
                "Children": [
                    5786021703336424217
                ]
            },
            {
                "UID": 5786021703336424217,
                "ParentUID": 5772565807945825748,
                "Name": "LeftWristFK",
                "Mobility": 1,
                "LocalTransform": [
                    0.9995995759963989,
                    4.3221431085536976e-17,
                    -0.028296370059251785,
                    2.8421708795129297e-16,
                    -4.163336342344337e-17,
                    1.0,
                    5.67119329305541e-17,
                    -7.105427198782324e-17,
                    0.028296370059251785,
                    -5.5511147922535377e-17,
                    0.9995995759963989,
                    0.23802845180034637,
                    0.0,
                    0.0,
                    0.0,
                    1.0
                ],
                "Components": [],
                "Children": []
            },
            {
                "UID": 1281873237617751538,
                "ParentUID": 1266623219405766103,
                "Name": "Hat4",
                "Mobility": 1,
                "LocalTransform": [
                    0.8340001702308655,
                    0.4929482936859131,
                    -0.2478824406862259,
                    -3.552713599391162e-17,
                    -0.33841264247894287,
                    0.8118240237236023,
                    0.4758346676826477,
                    2.8421708795129297e-16,
                    0.4357988238334656,
                    -0.3129596710205078,
                    0.8438813090324402,
                    0.09813515096902847,
                    0.0,
                    0.0,
                    0.0,
                    1.0
                ],
                "Components": [],
                "Children": [
                    1300113451942113991
                ]
            },
            {
                "UID": 5817717813051385138,
                "ParentUID": 5799477598727022685,
                "Name": "LeftLowerArmIK",
                "Mobility": 1,
                "LocalTransform": [
                    1.0,
                    0.0,
                    0.0,
                    1.4210854397564648e-16,
                    0.0,
                    1.0,
                    0.0,
                    -3.552713599391162e-17,
                    0.0,
                    0.0,
                    1.0,
                    0.2511610686779022,
                    0.0,
                    0.0,
                    0.0,
                    1.0
                ],
                "Components": [],
                "Children": [
                    5833565872203832896
                ]
            },
            {
                "UID": 5847021767594431365,
                "ParentUID": 5585379337178502641,
                "Name": "RightUpperArm",
                "Mobility": 1,
                "LocalTransform": [
                    -0.20239877700805664,
                    0.9083868861198425,
                    0.3658798038959503,
                    -0.17286500334739685,
                    0.0006553530693054199,
                    -0.3734867572784424,
                    0.9276353120803833,
                    0.06917709857225418,
                    0.9793030023574829,
                    0.18799197673797607,
                    0.0749979019165039,
                    0.19190272688865662,
                    0.0,
                    0.0,
                    0.0,
                    1.0
                ],
                "Components": [],
                "Children": [
                    5861673744865954478
                ]
            },
            {
                "UID": 15049403179481092868,
                "ParentUID": 16931265599210347542,
                "Name": "RootNode",
                "Mobility": 1,
                "LocalTransform": [
                    1.0,
                    0.0,
                    0.0,
                    0.0,
                    0.0,
                    1.0,
                    0.0,
                    0.0,
                    0.0,
                    0.0,
                    1.0,
                    0.0,
                    0.0,
                    0.0,
                    0.0,
                    1.0
                ],
                "Components": [],
                "Children": [
                    15096349303113071928
                ]
            },
            {
                "UID": 1623952019907039913,
                "ParentUID": 1609001026460252936,
                "Name": "LeftWrist",
                "Mobility": 1,
                "LocalTransform": [
                    0.9157752990722656,
                    0.400177538394928,
                    -0.03483643755316734,
                    -2.6290081561936886e-15,
                    -0.3971247673034668,
                    0.9149933457374573,
                    0.07126802951097488,
                    0.0,
                    0.06039496883749962,
                    -0.0514310859143734,
                    0.9968487024307251,
                    0.06863118708133698,
                    0.0,
                    0.0,
                    0.0,
                    1.0
                ],
                "Components": [],
                "Children": [
                    1637706940062836840,
                    1664917751314264939
                ]
            },
            {
                "UID": 1092892648324008762,
                "ParentUID": 16931265599210347542,
                "Name": "RootNode",
