{
    "Scene": {
        "UID": 15012479649053719118,
        "Name": "Prefabs",
        "RootGameObject": 11105982808783923785,
        "GameObjects": [
            {
                "UID": 11105982808783923785,
                "ParentUID": 0,
                "Name": "SceneModule GameObject",
                "Mobility": 1,
                "LocalTransform": [
                    1.0,
                    0.0,
                    0.0,
                    0.0,
                    0.0,
                    1.0,
                    0.0,
                    0.0,
                    0.0,
                    0.0,
                    1.0,
                    0.0,
                    0.0,
                    0.0,
                    0.0,
                    1.0
                ],
                "Components": [],
                "Children": [
                    4418591562241468993,
                    5298888267030203697,
                    16912504933787428372
                ]
            },
            {
                "UID": 11250624872964465454,
                "ParentUID": 11220722881775924202,
                "Name": "RightLeg",
                "Mobility": 1,
                "LocalTransform": [
                    0.9998040199279785,
                    3.607531106739235e-18,
                    0.019798098132014275,
                    -0.1548829972743988,
                    -3.4694473655439205e-18,
                    1.0,
                    -7.00895610179047e-18,
                    -0.12964299321174622,
                    -0.019798098132014275,
                    6.938893903907228e-18,
                    0.9998040199279785,
                    0.0001973873731913045,
                    0.0,
                    0.0,
                    0.0,
                    1.0
                ],
                "Components": [],
                "Children": [
                    11342423985526740040
                ]
            },
            {
                "UID": 3442460793932924322,
                "ParentUID": 3431696078479439006,
                "Name": "Hips",
                "Mobility": 1,
                "LocalTransform": [
                    0.08235752582550049,
                    -0.03420817852020264,
                    0.9960155487060547,
                    0.2909983694553375,
                    -0.996405839920044,
                    -0.0226975679397583,
                    0.08161023259162903,
                    0.0027264284435659647,
                    0.019815444946289063,
                    -0.9991569519042969,
                    -0.03595459461212158,
                    0.0002082364517264068,
                    0.0,
                    0.0,
                    0.0,
                    1.0
                ],
                "Components": [],
                "Children": [
                    3451730411330221129,
                    3690348308488023415,
                    3705897342875272715
                ]
            },
            {
                "UID": 6192060762343239940,
                "ParentUID": 6169036229085113503,
                "Name": "LeftLeg",
                "Mobility": 1,
                "LocalTransform": [
                    0.9998040199279785,
                    -9.364822734623146e-18,
                    0.019798098132014275,
                    0.15488280355930328,
                    -6.938893903907228e-18,
                    -1.0,
                    -1.226020766495394e-16,
                    -0.12964345514774323,
                    0.019798098132014275,
                    1.2244066393352825e-16,
                    -0.9998040199279785,
                    0.00019751557556446642,
                    0.0,
                    0.0,
                    0.0,
                    1.0
                ],
                "Components": [],
                "Children": [
                    6293727533243273656
                ]
            },
            {
                "UID": 7010189805677876396,
                "ParentUID": 7001219208750810750,
                "Name": "LeftWristIK",
                "Mobility": 1,
                "LocalTransform": [
                    -0.9400064945220947,
                    -0.12430647760629654,
                    0.31770339608192444,
                    4.2632563192693945e-16,
                    0.131098672747612,
                    -0.9913692474365234,
                    -2.7939677238464355e-8,
                    0.0,
                    0.31496140360832214,
                    0.041650474071502686,
                    0.9481901526451111,
                    0.23802845180034637,
                    0.0,
                    0.0,
                    0.0,
                    1.0
                ],
                "Components": [],
                "Children": []
            },
            {
                "UID": 9697443091200286668,
                "ParentUID": 9625678311488794204,
                "Name": "RightUpperArm",
                "Mobility": 1,
                "LocalTransform": [
                    -0.20239877700805664,
                    0.9083868861198425,
                    0.3658798038959503,
                    -0.17286500334739685,
                    0.0006553530693054199,
                    -0.3734867572784424,
                    0.9276353120803833,
                    0.06917709857225418,
                    0.9793030023574829,
                    0.18799197673797607,
                    0.0749979019165039,
                    0.19190272688865662,
                    0.0,
                    0.0,
                    0.0,
                    1.0
                ],
                "Components": [],
                "Children": [
                    9801203001096971214
                ]
            },
            {
                "UID": 1853389348667945554,
                "ParentUID": 1843521690330186425,
                "Name": "Hips",
                "Mobility": 1,
                "LocalTransform": [
                    0.08235752582550049,
                    -0.03420817852020264,
                    0.9960155487060547,
                    0.2909983694553375,
                    -0.996405839920044,
                    -0.0226975679397583,
                    0.08161023259162903,
                    0.0027264284435659647,
                    0.019815444946289063,
                    -0.9991569519042969,
                    -0.03595459461212158,
                    0.0002082364517264068,
                    0.0,
                    0.0,
                    0.0,
                    1.0
                ],
                "Components": [],
                "Children": [
                    1863257002710737387,
                    1872526620108034194,
                    1882693298916024484
                ]
            },
            {
                "UID": 1920967846091169059,
                "ParentUID": 1863257002710737387,
                "Name": "LeftUpperArmIK",
                "Mobility": 1,
                "LocalTransform": [
                    0.5943189859390259,
                    -0.016260763630270958,
                    0.8040649890899658,
                    0.17286542057991028,
                    0.0037804883904755116,
                    -0.9997279644012451,
                    -0.023012015968561172,
                    0.06917708367109299,
                    0.8042205572128296,
                    0.016716234385967255,
                    -0.5940958261489868,
                    0.1919027417898178,
                    0.0,
                    0.0,
                    0.0,
                    1.0
                ],
                "Components": [],
                "Children": [
                    2023531678401896259
                ]
            },
            {
                "UID": 3412857823214614231,
                "ParentUID": 15392006398663127316,
                "Name": "Ctrl_Grp",
                "Mobility": 1,
                "LocalTransform": [
                    1.0,
                    0.0,
                    0.0,
                    0.0,
                    0.0,
                    1.0,
                    0.0,
                    0.0,
                    0.0,
                    0.0,
                    1.0,
                    0.0,
                    0.0,
                    0.0,
                    0.0,
                    1.0
                ],
                "Components": [],
                "Children": [
                    3431696078479439006
                ]
            },
            {
                "UID": 3512431455117997116,
                "ParentUID": 3474455924118116404,
                "Name": "RightEar",
                "Mobility": 1,
                "LocalTransform": [
                    0.8211361765861511,
                    -0.14109382033348083,
                    0.5530170798301697,
                    -0.3396649956703186,
                    0.013818442821502686,
                    -0.9637616872787476,
                    -0.2664070129394531,
                    0.06945109367370605,
                    0.5705650448799133,
                    0.2263982743024826,
                    -0.7894299030303955,
                    0.4090425372123718,
                    0.0,
                    0.0,
                    0.0,
                    1.0
                ],
                "Components": [],
                "Children": [
                    3522897154396218567
                ]
            },
            {
                "UID": 3431696078479439006,
                "ParentUID": 3412857823214614231,
                "Name": "Root",
                "Mobility": 1,
                "LocalTransform": [
                    5.960464477539063e-8,
                    -0.9999999403953552,
                    0.0,
                    0.0,
                    0.9999999403953552,
                    5.960464477539063e-8,
                    0.0,
                    0.0,
                    0.0,
                    0.0,
                    1.0,
                    0.0,
                    0.0,
                    0.0,
                    0.0,
                    1.0
                ],
                "Components": [],
                "Children": [
                    3442460793932924322
                ]
            },
            {
                "UID": 3451730411330221129,
                "ParentUID": 3442460793932924322,
                "Name": "Spine",
                "Mobility": 1,
                "LocalTransform": [
                    0.9736145734786987,
                    -0.02847176045179367,
                    -0.22641563415527344,
                    0.0002581339213065803,
                    -0.013177085667848587,
                    0.9835160374641418,
                    -0.18034015595912933,
                    -0.00005960099588264711,
                    0.22781801223754883,
                    0.17856530845165253,
                    0.9571903347969055,
                    0.19401027262210846,
                    0.0,
                    0.0,
                    0.0,
                    1.0
                ],
                "Components": [],
                "Children": [
                    3474455924118116404,
                    3530970689912590730,
                    3557882480693787667,
                    3583897214359258419,
                    3610210968494960331,
                    3638019820686850752,
                    3663137492941628020
                ]
            },
            {
                "UID": 6461178687335078504,
                "ParentUID": 6385825666275779403,
                "Name": "RightWrist",
                "Mobility": 1,
                "LocalTransform": [
                    1.0,
                    0.0,
                    0.0,
                    -1.4210854397564648e-16,
                    0.0,
                    1.0,
                    0.0,
                    -9.769962563761818e-17,
                    0.0,
                    0.0,
                    1.0,
                    -0.23802900314331055,
                    0.0,
                    0.0,
                    0.0,
                    1.0
                ],
                "Components": [],
                "Children": []
            },
            {
                "UID": 5045337312499779825,
                "ParentUID": 4952641134231844458,
                "Name": "LeftFoot",
                "Mobility": 1,
                "LocalTransform": [
                    0.9998040199279785,
                    0.017338348552584648,
                    -0.009557528421282768,
                    0.048644665628671646,
                    0.0,
                    0.4827498197555542,
                    0.8757582902908325,
                    0.07756918668746948,
                    0.019798098132014275,
                    -0.8755866289138794,
                    0.4826551675796509,
                    0.12021666020154953,
                    0.0,
                    0.0,
                    0.0,
                    1.0
                ],
                "Components": [],
                "Children": []
            },
            {
                "UID": 3474455924118116404,
                "ParentUID": 3451730411330221129,
                "Name": "Head",
                "Mobility": 1,
                "LocalTransform": [
                    0.990496814250946,
                    0.08263042569160461,
                    0.10994669049978256,
                    7.105427198782324e-17,
                    -0.054260510951280594,
                    0.96933513879776,
                    -0.23967716097831726,
                    8.881783998477905e-18,
                    -0.1263798177242279,
                    0.2314336895942688,
                    0.9646069407463074,
                    0.23028619587421417,
                    0.0,
                    0.0,
                    0.0,
                    1.0
                ],
                "Components": [],
                "Children": [
                    3484622602926106695,
                    3493294179382941180,
                    3512431455117997116
                ]
            },
            {
                "UID": 9666045997660589610,
                "ParentUID": 9625678311488794204,
                "Name": "LeftUpperArm",
                "Mobility": 1,
                "LocalTransform": [
                    -0.10497522354125977,
                    0.884840190410614,
                    0.45391422510147095,
                    0.17286542057991028,
                    0.09591269493103027,
                    0.46331650018692017,
                    -0.880987286567688,
                    0.06917708367109299,
                    -0.9898388981819153,
                    -0.04894563555717468,
                    -0.13350415229797363,
                    0.1919027417898178,
                    0.0,
                    0.0,
                    0.0,
                    1.0
                ],
                "Components": [],
                "Children": [
                    9773992189845543116
                ]
            },
            {
                "UID": 3705897342875272715,
                "ParentUID": 3442460793932924322,
                "Name": "RightLeg",
                "Mobility": 1,
                "LocalTransform": [
                    0.9998040199279785,
                    3.607531106739235e-18,
                    0.019798098132014275,
                    -0.1548829972743988,
                    -3.4694473655439205e-18,
                    1.0,
                    -7.00895610179047e-18,
                    -0.12964299321174622,
                    -0.019798098132014275,
                    6.938893903907228e-18,
                    0.9998040199279785,
                    0.0001973873731913045,
                    0.0,
                    0.0,
                    0.0,
                    1.0
                ],
                "Components": [],
                "Children": [
                    3714269898861876039
                ]
            },
            {
                "UID": 5112616793747739466,
                "ParentUID": 5004670601562785961,
                "Name": "LeftLowerArmIK",
                "Mobility": 1,
                "LocalTransform": [
                    1.0,
                    0.0,
                    0.0,
                    1.4210854397564648e-16,
                    0.0,
                    1.0,
                    0.0,
                    -3.552713599391162e-17,
                    0.0,
                    0.0,
                    1.0,
                    0.2511610686779022,
                    0.0,
                    0.0,
                    0.0,
                    1.0
                ],
                "Components": [],
                "Children": [
                    5189165892392995914
                ]
            },
            {
                "UID": 6933341686562388787,
                "ParentUID": 6924969130575785463,
                "Name": "LeftLowerArm",
                "Mobility": 1,
                "LocalTransform": [
                    0.9981038570404053,
                    0.016097696498036385,
                    -0.059410035610198975,
                    0.0,
                    -0.017469407990574837,
                    0.9995909929275513,
                    -0.022642144933342934,
                    0.0,
                    0.059021249413490295,
                    0.023637069389224052,
                    0.9979768395423889,
                    0.2511610686779022,
                    0.0,
                    0.0,
                    0.0,
                    1.0
                ],
                "Components": [],
                "Children": [
                    6944405422486105263
                ]
            },
            {
                "UID": 7154317406041323646,
                "ParentUID": 6845429831523184701,
                "Name": "LeftLeg",
                "Mobility": 1,
                "LocalTransform": [
                    0.9998040199279785,
                    -9.364822734623146e-18,
                    0.019798098132014275,
                    0.15488280355930328,
                    -6.938893903907228e-18,
                    -1.0,
                    -1.226020766495394e-16,
                    -0.12964345514774323,
                    0.019798098132014275,
                    1.2244066393352825e-16,
                    -0.9998040199279785,
                    0.00019751557556446642,
                    0.0,
                    0.0,
                    0.0,
                    1.0
                ],
                "Components": [],
                "Children": [
                    7163886043908851614
                ]
            },
            {
                "UID": 3484622602926106695,
                "ParentUID": 3474455924118116404,
                "Name": "HeadEnd",
                "Mobility": 1,
                "LocalTransform": [
                    1.0,
                    0.0,
                    0.0,
                    1.376676561123106e-16,
                    0.0,
                    1.0,
                    0.0,
                    -3.552713599391162e-17,
                    0.0,
                    0.0,
                    1.0,
                    0.36048606038093567,
                    0.0,
                    0.0,
                    0.0,
                    1.0
                ],
                "Components": [],
                "Children": []
            },
            {
                "UID": 2911134425674984781,
                "ParentUID": 2821727472579592187,
                "Name": "RightUpperArmIK",
                "Mobility": 1,
                "LocalTransform": [
                    0.37511032819747925,
                    0.03617744520306587,
                    0.9262739419937134,
                    -0.17286500334739685,
                    0.028101976960897446,
                    0.998335063457489,
                    -0.050372302532196045,
                    0.06917709857225418,
                    -0.9265540838241577,
                    0.044925302267074585,
                    0.37346911430358887,
                    0.19190272688865662,
                    0.0,
                    0.0,
                    0.0,
                    1.0
                ],
                "Components": [],
                "Children": [
                    3021771797797051440
                ]
            },
            {
                "UID": 6992846648469240129,
                "ParentUID": 6858586706443552009,
                "Name": "LeftUpperArmIK",
                "Mobility": 1,
                "LocalTransform": [
                    0.5943189859390259,
                    -0.016260763630270958,
                    0.8040649890899658,
                    0.17286542057991028,
                    0.0037804883904755116,
                    -0.9997279644012451,
                    -0.023012015968561172,
                    0.06917708367109299,
                    0.8042205572128296,
                    0.016716234385967255,
                    -0.5940958261489868,
                    0.1919027417898178,
                    0.0,
                    0.0,
                    0.0,
                    1.0
                ],
                "Components": [],
                "Children": [
                    7001219208750810750
                ]
            },
            {
                "UID": 9687575432862527538,
                "ParentUID": 9625678311488794204,
                "Name": "LeftUpperArmIK",
                "Mobility": 1,
                "LocalTransform": [
                    0.5943189859390259,
                    -0.016260763630270958,
                    0.8040649890899658,
                    0.17286542057991028,
                    0.0037804883904755116,
                    -0.9997279644012451,
                    -0.023012015968561172,
                    0.06917708367109299,
                    0.8042205572128296,
                    0.016716234385967255,
                    -0.5940958261489868,
                    0.1919027417898178,
                    0.0,
                    0.0,
                    0.0,
                    1.0
                ],
                "Components": [],
                "Children": [
                    9791933383699674407
                ]
            },
            {
                "UID": 3493294179382941180,
                "ParentUID": 3474455924118116404,
                "Name": "LeftEar",
                "Mobility": 1,
                "LocalTransform": [
                    0.5738646388053894,
                    -0.18254461884498596,
                    0.7983463406562805,
                    0.33966490626335144,
                    -0.05328433960676193,
                    0.964452862739563,
                    0.2588270902633667,
                    0.06945112347602844,
                    -0.8172149062156677,
                    -0.1910710632801056,
                    0.543738603591919,
                    0.40904220938682556,
                    0.0,
                    0.0,
                    0.0,
                    1.0
                ],
                "Components": [],
                "Children": [
                    3501666739664511800
                ]
            },
            {
                "UID": 3566853081915820610,
                "ParentUID": 3557882480693787667,
                "Name": "LeftLowerArmFK",
                "Mobility": 1,
                "LocalTransform": [
                    0.9981038570404053,
                    0.016097696498036385,
                    -0.059410035610198975,
                    -1.4210854397564648e-16,
                    -0.017469407990574837,
                    0.9995909929275513,
                    -0.022642144933342934,
                    3.552713599391162e-17,
                    0.059021249413490295,
                    0.023637069389224052,
                    0.9979768395423889,
                    0.2511610686779022,
                    0.0,
                    0.0,
                    0.0,
                    1.0
                ],
                "Components": [],
                "Children": [
                    3575524658372655095
                ]
            },
            {
                "UID": 9747080394769378881,
                "ParentUID": 9654384220796410811,
                "Name": "HeadEnd",
                "Mobility": 1,
                "LocalTransform": [
                    1.0,
                    0.0,
                    0.0,
                    1.376676561123106e-16,
                    0.0,
                    1.0,
                    0.0,
                    -3.552713599391162e-17,
                    0.0,
                    0.0,
                    1.0,
                    0.36048606038093567,
                    0.0,
                    0.0,
                    0.0,
                    1.0
                ],
                "Components": [],
                "Children": []
            },
            {
                "UID": 3501666739664511800,
                "ParentUID": 3493294179382941180,
                "Name": "LeftEarEnd",
                "Mobility": 1,
                "LocalTransform": [
                    1.0,
                    0.0,
                    0.0,
                    -1.4210854397564648e-16,
                    0.0,
                    1.0,
                    0.0,
                    2.4868995857482625e-16,
                    0.0,
                    0.0,
                    1.0,
                    0.21373941004276276,
                    0.0,
                    0.0,
                    0.0,
                    1.0
                ],
                "Components": [],
                "Children": []
            },
            {
                "UID": 3548911883766722021,
                "ParentUID": 3539044229723930189,
                "Name": "LeftWrist",
                "Mobility": 1,
                "LocalTransform": [
                    0.9995995759963989,
                    4.007864437492545e-17,
                    -0.028296370059251785,
                    2.8421708795129297e-16,
                    -4.163336011472092e-17,
                    1.0,
                    -5.435484207041485e-17,
                    0.0,
                    0.028296370059251785,
                    5.5511147922535377e-17,
                    0.9995995759963989,
                    0.23802845180034637,
                    0.0,
                    0.0,
                    0.0,
                    1.0
                ],
                "Components": [],
                "Children": []
            },
            {
                "UID": 17276113155573621972,
                "ParentUID": 16912504933787428372,
                "Name": "new Game Object",
                "Mobility": 1,
                "LocalTransform": [
                    0.008824891410768032,
                    0.0,
                    -0.9999614357948303,
                    0.0,
                    0.0,
                    1.0,
                    0.0,
                    0.0,
                    0.9999614357948303,
                    0.0,
                    0.008824891410768032,
                    0.0,
                    0.0,
                    0.0,
                    0.0,
                    1.0
                ],
                "Components": [
                    {
                        "UID": 4022826271,
                        "ParentUID": 17276113155573621972,
                        "Type": 5,
                        "Enabled": true,
                        "Name": "Camera",
                        "MainCamera": false,
                        "DrawGizmos": true,
                        "CameraType": 0,
                        "CameraPosition": [
                            -4.141159534454346,
                            0.0,
                            0.0
                        ],
                        "CameraFront": [
                            0.9999610781669617,
                            -0.0,
                            -0.008824888616800308
                        ],
                        "CameraUp": [
                            0.0,
                            1.0,
                            0.0
                        ],
                        "CameraNearPlane": 0.10000000149011612,
                        "CameraFarPlane": 50.0,
                        "CameraHFOV": 1.5707963705062866,
                        "CameraVFOV": 1.2327152490615845
                    }
                ],
                "Children": []
            },
            {
                "UID": 3522897154396218567,
                "ParentUID": 3512431455117997116,
                "Name": "RightEarEnd",
                "Mobility": 1,
                "LocalTransform": [
                    1.0,
                    0.0,
                    0.0,
                    -8.285292665277666e-7,
                    0.0,
                    1.0,
                    0.0,
                    -9.097042408257039e-8,
                    0.0,
                    0.0,
                    1.0,
                    -0.2137383073568344,
                    0.0,
                    0.0,
                    0.0,
                    1.0
                ],
                "Components": [],
                "Children": []
            },
            {
                "UID": 1975008176691579340,
                "ParentUID": 1870650225854432472,
                "Name": "LeftLowerArm",
                "Mobility": 1,
                "LocalTransform": [
                    0.9981038570404053,
                    0.016097696498036385,
                    -0.059410035610198975,
                    0.0,
                    -0.017469407990574837,
                    0.9995909929275513,
                    -0.022642144933342934,
                    0.0,
                    0.059021249413490295,
                    0.023637069389224052,
                    0.9979768395423889,
                    0.2511610686779022,
                    0.0,
                    0.0,
                    0.0,
                    1.0
                ],
                "Components": [],
                "Children": [
                    2050062177280647280
                ]
            },
            {
                "UID": 3530970689912590730,
                "ParentUID": 3451730411330221129,
                "Name": "LeftUpperArm",
                "Mobility": 1,
                "LocalTransform": [
                    -0.10497522354125977,
                    0.884840190410614,
                    0.45391422510147095,
                    0.17286542057991028,
                    0.09591269493103027,
                    0.46331650018692017,
                    -0.880987286567688,
                    0.06917708367109299,
                    -0.9898388981819153,
                    -0.04894563555717468,
                    -0.13350415229797363,
                    0.1919027417898178,
                    0.0,
                    0.0,
                    0.0,
                    1.0
                ],
                "Components": [],
                "Children": [
                    3539044229723930189
                ]
            },
            {
                "UID": 3672108089868693665,
                "ParentUID": 3663137492941628020,
                "Name": "RightLowerArmIK",
                "Mobility": 1,
                "LocalTransform": [
                    0.5286387205123901,
                    -8.668426084356903e-14,
                    0.8488469123840332,
                    -2.1316281596346973e-16,
                    0.0,
                    1.0,
                    1.0212001329192727e-13,
                    -3.552713599391162e-17,
                    -0.8488469123840332,
                    -5.3984594572398237e-14,
                    0.5286387205123901,
                    -0.25116100907325745,
                    0.0,
                    0.0,
                    0.0,
                    1.0
                ],
                "Components": [],
                "Children": [
                    3682274768676683956
                ]
            },
            {
                "UID": 3682274768676683956,
                "ParentUID": 3672108089868693665,
                "Name": "RightWristIK",
                "Mobility": 1,
                "LocalTransform": [
                    -0.931799054145813,
                    -0.18528158962726593,
                    -0.31212422251701355,
                    -1.4210854397564648e-16,
                    0.195024773478508,
                    -0.9807983636856079,
                    -1.862645149230957e-8,
                    -3.552713599391162e-17,
                    -0.30613091588020325,
                    -0.06087197735905647,
                    0.9500412940979004,
                    -0.23802900314331055,
                    0.0,
                    0.0,
                    0.0,
                    1.0
                ],
                "Components": [],
                "Children": []
            },
            {
                "UID": 3539044229723930189,
                "ParentUID": 3530970689912590730,
                "Name": "LeftLowerArm",
                "Mobility": 1,
                "LocalTransform": [
                    0.9981038570404053,
                    0.016097696498036385,
                    -0.059410035610198975,
                    0.0,
                    -0.017469407990574837,
                    0.9995909929275513,
                    -0.022642144933342934,
                    0.0,
                    0.059021249413490295,
                    0.023637069389224052,
                    0.9979768395423889,
                    0.2511610686779022,
                    0.0,
                    0.0,
                    0.0,
                    1.0
                ],
                "Components": [],
                "Children": [
                    3548911883766722021
                ]
            },
            {
                "UID": 3663137492941628020,
                "ParentUID": 3451730411330221129,
                "Name": "RightUpperArmIK",
                "Mobility": 1,
                "LocalTransform": [
                    0.37511032819747925,
                    0.03617744520306587,
                    0.9262739419937134,
                    -0.17286500334739685,
                    0.028101976960897446,
                    0.998335063457489,
                    -0.050372302532196045,
                    0.06917709857225418,
                    -0.9265540838241577,
                    0.044925302267074585,
                    0.37346911430358887,
                    0.19190272688865662,
                    0.0,
                    0.0,
                    0.0,
                    1.0
                ],
                "Components": [],
                "Children": [
                    3672108089868693665
                ]
            },
            {
                "UID": 17534765381287239085,
                "ParentUID": 17504564369628466672,
                "Name": "RightLeg",
                "Mobility": 1,
                "LocalTransform": [
                    0.9998040199279785,
                    3.607531106739235e-18,
                    0.019798098132014275,
                    -0.1548829972743988,
                    -3.4694473655439205e-18,
                    1.0,
                    -7.00895610179047e-18,
                    -0.12964299321174622,
                    -0.019798098132014275,
                    6.938893903907228e-18,
                    0.9998040199279785,
                    0.0001973873731913045,
                    0.0,
                    0.0,
                    0.0,
                    1.0
                ],
                "Components": [],
                "Children": [
                    17625368420558523621
                ]
            },
            {
                "UID": 3557882480693787667,
                "ParentUID": 3451730411330221129,
                "Name": "LeftUpperArmFK",
                "Mobility": 1,
                "LocalTransform": [
                    -0.10497522354125977,
                    0.884840190410614,
                    0.45391422510147095,
                    0.17286542057991028,
                    0.09591269493103027,
                    0.46331650018692017,
                    -0.880987286567688,
                    0.06917708367109299,
                    -0.9898388981819153,
                    -0.04894563555717468,
                    -0.13350415229797363,
                    0.1919027417898178,
                    0.0,
                    0.0,
                    0.0,
                    1.0
                ],
                "Components": [],
                "Children": [
                    3566853081915820610
                ]
            },
            {
                "UID": 3619779606362488299,
                "ParentUID": 3610210968494960331,
                "Name": "RightLowerArm",
                "Mobility": 1,
                "LocalTransform": [
                    0.9976502060890198,
                    -0.015034640207886696,
                    0.06684313714504242,
                    -1.4210854397564648e-16,
                    0.012386690825223923,
                    0.9991287589073181,
                    0.03985383361577988,
                    -3.552713599391162e-17,
                    -0.06738409399986267,
                    -0.03893221914768219,
                    0.9969672560691833,
                    -0.25116100907325745,
                    0.0,
                    0.0,
                    0.0,
                    1.0
                ],
                "Components": [],
                "Children": [
                    3629348244230016267
                ]
            },
            {
                "UID": 3575524658372655095,
                "ParentUID": 3566853081915820610,
                "Name": "LeftWristFK",
                "Mobility": 1,
                "LocalTransform": [
                    0.9995995759963989,
                    4.3221431085536976e-17,
                    -0.028296370059251785,
                    2.8421708795129297e-16,
                    -4.163336342344337e-17,
                    1.0,
                    5.67119329305541e-17,
                    -7.105427198782324e-17,
                    0.028296370059251785,
                    -5.5511147922535377e-17,
                    0.9995995759963989,
                    0.23802845180034637,
                    0.0,
                    0.0,
                    0.0,
                    1.0
                ],
                "Components": [],
                "Children": []
            },
            {
                "UID": 3583897214359258419,
                "ParentUID": 3451730411330221129,
                "Name": "LeftUpperArmIK",
                "Mobility": 1,
                "LocalTransform": [
                    0.5943189859390259,
                    -0.016260763630270958,
                    0.8040649890899658,
                    0.17286542057991028,
                    0.0037804883904755116,
                    -0.9997279644012451,
                    -0.023012015968561172,
                    0.06917708367109299,
                    0.8042205572128296,
                    0.016716234385967255,
                    -0.5940958261489868,
                    0.1919027417898178,
                    0.0,
                    0.0,
                    0.0,
                    1.0
                ],
                "Components": [],
                "Children": [
