{
    "Scene": {
        "UID": 13538024133033691799,
        "Name": "New Scene",
        "RootGameObject": 13687534093271365356,
        "GameObjects": [
            {
                "UID": 2715446118309787031,
                "ParentUID": 2707372578498447571,
                "Name": "HatEnd",
                "Mobility": 1,
                "LocalTransform": [
                    0.9951382279396057,
                    -0.011935552582144737,
                    -0.09776243567466736,
                    2.8421708795129297e-16,
                    0.0,
                    0.9926296472549438,
                    -0.1211874857544899,
                    0.0,
                    0.09848833084106445,
                    0.12059829384088516,
                    0.9878036975860596,
                    0.08921266347169876,
                    0.0,
                    0.0,
                    0.0,
                    1.0
                ],
                "Components": [],
                "Children": []
            },
            {
                "UID": 13687534093271365356,
                "ParentUID": 0,
                "Name": "SceneModule GameObject",
                "Mobility": 1,
                "LocalTransform": [
                    1.0,
                    0.0,
                    0.0,
                    0.0,
                    0.0,
                    1.0,
                    0.0,
                    0.0,
                    0.0,
                    0.0,
                    1.0,
                    0.0,
                    0.0,
                    0.0,
                    0.0,
                    1.0
                ],
                "Components": [],
                "Children": [
                    16138940188476641667,
                    7111594729652195585,
                    2572813616002528290
                ]
            },
            {
                "UID": 16254660895707736173,
                "ParentUID": 16242401077903095052,
                "Name": "Head",
                "Mobility": 1,
                "LocalTransform": [
                    0.990496814250946,
                    0.08263042569160461,
                    0.10994669049978256,
                    7.105427198782324e-17,
                    -0.054260510951280594,
                    0.96933513879776,
                    -0.23967716097831726,
                    8.881783998477905e-18,
                    -0.1263798177242279,
                    0.2314336895942688,
                    0.9646069407463074,
                    0.23028619587421417,
                    0.0,
                    0.0,
                    0.0,
                    1.0
                ],
                "Components": [],
                "Children": [
                    16267518750157872320,
                    16292935442882880749,
                    16317455078492162991
                ]
            },
            {
                "UID": 2827279568017811037,
                "ParentUID": 2818907007736240416,
                "Name": "RightBrow3End",
                "Mobility": 1,
                "LocalTransform": [
                    0.9849042296409607,
                    0.07573037594556808,
                    0.15565527975559235,
                    -0.008144593797624111,
                    -0.053225599229335785,
                    0.9881486296653748,
                    -0.14397680759429932,
                    -1.3523759889721987e-7,
                    -0.16471396386623383,
                    0.1335185170173645,
                    0.977262556552887,
                    -0.18427367508411407,
                    0.0,
                    0.0,
                    0.0,
                    1.0
                ],
                "Components": [],
                "Children": []
            },
            {
                "UID": 2707372578498447571,
                "ParentUID": 2699000022511844248,
                "Name": "Hat5",
                "Mobility": 1,
                "LocalTransform": [
                    0.8717382550239563,
                    -0.33156299591064453,
                    -0.36074700951576233,
                    -1.4210854397564648e-16,
                    0.4123985171318054,
                    0.8940746784210205,
                    0.17480811476707458,
                    0.0,
                    0.2645748555660248,
                    -0.30115845799446106,
                    0.9161351919174194,
                    0.1359601616859436,
                    0.0,
                    0.0,
                    0.0,
                    1.0
                ],
                "Components": [],
                "Children": [
                    2715446118309787031
                ]
            },
            {
                "UID": 2609294048946220492,
                "ParentUID": 2572813616002528290,
                "Name": "Gun",
                "Mobility": 1,
                "LocalTransform": [
                    1.0,
                    0.0,
                    0.0,
                    0.0,
                    0.0,
                    1.0,
                    0.0,
                    0.0,
                    0.0,
                    0.0,
                    1.0,
                    0.0,
                    0.0,
                    0.0,
                    0.0,
                    1.0
                ],
                "Components": [],
                "Children": [
                    3459407673855380879
                ]
            },
            {
                "UID": 16304298199276828387,
                "ParentUID": 16292935442882880749,
                "Name": "LeftEarEnd",
                "Mobility": 1,
                "LocalTransform": [
                    1.0,
                    0.0,
                    0.0,
                    -1.4210854397564648e-16,
                    0.0,
                    1.0,
                    0.0,
                    2.4868995857482625e-16,
                    0.0,
                    0.0,
                    1.0,
                    0.21373941004276276,
                    0.0,
                    0.0,
                    0.0,
                    1.0
                ],
                "Components": [],
                "Children": []
            },
            {
                "UID": 16230141260098453931,
                "ParentUID": 16217881446588780107,
                "Name": "Hips",
                "Mobility": 1,
                "LocalTransform": [
                    0.08235752582550049,
                    -0.03420817852020264,
                    0.9960155487060547,
                    0.2909983694553375,
                    -0.996405839920044,
                    -0.0226975679397583,
                    0.08161023259162903,
                    0.0027264284435659647,
                    0.019815444946289063,
                    -0.9991569519042969,
                    -0.03595459461212158,
                    0.0002082364517264068,
                    0.0,
                    0.0,
                    0.0,
                    1.0
                ],
                "Components": [],
                "Children": [
                    16242401077903095052,
                    16562053372169686609,
                    16585376925898044207
                ]
            },
            {
                "UID": 16138940188476641667,
                "ParentUID": 13687534093271365356,
                "Name": "RootNode",
                "Mobility": 1,
                "LocalTransform": [
                    1.0,
                    0.0,
                    0.0,
                    0.0,
                    0.0,
                    1.0,
                    0.0,
                    0.0,
                    0.0,
                    0.0,
                    1.0,
                    0.0,
                    0.0,
                    0.0,
                    0.0,
                    1.0
                ],
                "Components": [],
                "Children": [
                    16188278471575502719,
                    16203827510257719315
                ]
            },
            {
                "UID": 3225574099926309873,
                "ParentUID": 3217500560114970414,
                "Name": "RightToe",
                "Mobility": 1,
                "LocalTransform": [
                    -0.9771369695663452,
                    0.20719337463378906,
                    -0.04768840968608856,
                    3.552713599391162e-17,
                    -0.007259055972099304,
                    -0.2566802501678467,
                    -0.9664691090583801,
                    -1.0658140798173486e-16,
                    -0.21248666942119598,
                    -0.944026529788971,
                    0.252315878868103,
                    0.12343774735927582,
                    0.0,
                    0.0,
                    0.0,
                    1.0
                ],
                "Components": [],
                "Children": []
            },
            {
                "UID": 16455303261865657749,
                "ParentUID": 16443940501176742814,
                "Name": "RightLowerArm",
                "Mobility": 1,
                "LocalTransform": [
                    0.9976502060890198,
                    -0.015034640207886696,
                    0.06684313714504242,
                    -1.4210854397564648e-16,
                    0.012386690825223923,
                    0.9991287589073181,
                    0.03985383361577988,
                    -3.552713599391162e-17,
                    -0.06738409399986267,
                    -0.03893221914768219,
                    0.9969672560691833,
                    -0.25116100907325745,
                    0.0,
                    0.0,
                    0.0,
                    1.0
                ],
                "Components": [],
                "Children": [
                    16465768956848911903
                ]
            },
            {
                "UID": 2835353103534183199,
                "ParentUID": 2652352915055129052,
                "Name": "LeftShoulder",
                "Mobility": 1,
                "LocalTransform": [
                    -0.01767599582672119,
                    -0.21945218741893768,
                    0.9754630923271179,
                    0.08366904407739639,
                    -0.3076164722442627,
                    0.9294868111610413,
                    0.20353460311889648,
                    0.029055647552013397,
                    -0.951346218585968,
                    -0.29647088050842285,
                    -0.08393669128417969,
                    0.20852962136268616,
                    0.0,
                    0.0,
                    0.0,
                    1.0
                ],
                "Components": [],
                "Children": [
                    2844323704756216142,
                    2979181687722366585,
                    3012073875023284854
                ]
            },
            {
                "UID": 16188278471575502719,
                "ParentUID": 16138940188476641667,
                "Name": "Zombunny",
                "Mobility": 1,
                "LocalTransform": [
                    1.0,
                    0.0,
                    0.0,
                    0.0,
                    0.0,
                    1.0,
                    0.0,
                    0.0,
                    0.0,
                    0.0,
                    1.0,
                    0.0,
                    0.0,
                    0.0,
                    0.0,
                    1.0
                ],
                "Components": [],
                "Children": [
                    16777646731774395162,
                    5653695124934004906
                ]
            },
            {
                "UID": 16242401077903095052,
                "ParentUID": 16230141260098453931,
                "Name": "Spine",
                "Mobility": 1,
                "LocalTransform": [
                    0.9736145734786987,
                    -0.02847176045179367,
                    -0.22641563415527344,
                    0.0002581339213065803,
                    -0.013177085667848587,
                    0.9835160374641418,
                    -0.18034015595912933,
                    -0.00005960099588264711,
                    0.22781801223754883,
                    0.17856530845165253,
                    0.9571903347969055,
                    0.19401027262210846,
                    0.0,
                    0.0,
                    0.0,
                    1.0
                ],
                "Components": [],
                "Children": [
                    16254660895707736173,
                    16341077652690751750,
                    16377259060869245495,
                    16409852231994899900,
                    16443940501176742814,
                    16476533672302397219,
                    16526769021106919051
                ]
            },
            {
                "UID": 2681058828657712956,
                "ParentUID": 2672088231730647310,
                "Name": "Hat2",
                "Mobility": 1,
                "LocalTransform": [
                    0.6699768304824829,
                    -0.6676878929138184,
                    -0.32453635334968567,
                    -0.06639012694358826,
                    0.7164525985717773,
                    0.4669947624206543,
                    0.5182774662971497,
                    -0.008961755782365799,
                    -0.19449082016944885,
                    -0.579748809337616,
                    0.7912424802780151,
                    0.33840250968933105,
                    0.0,
                    0.0,
                    0.0,
                    1.0
                ],
                "Components": [],
                "Children": [
                    2689730405114547441
                ]
            },
            {
                "UID": 16203827510257719315,
                "ParentUID": 16138940188476641667,
                "Name": "Ctrl_Grp",
                "Mobility": 1,
                "LocalTransform": [
                    1.0,
                    0.0,
                    0.0,
                    0.0,
                    0.0,
                    1.0,
                    0.0,
                    0.0,
                    0.0,
                    0.0,
                    1.0,
                    0.0,
                    0.0,
                    0.0,
                    0.0,
                    1.0
                ],
                "Components": [],
                "Children": [
                    16217881446588780107
                ]
            },
            {
                "UID": 16217881446588780107,
                "ParentUID": 16203827510257719315,
                "Name": "Root",
                "Mobility": 1,
                "LocalTransform": [
                    5.960464477539063e-8,
                    -0.9999999403953552,
                    0.0,
                    0.0,
                    0.9999999403953552,
                    5.960464477539063e-8,
                    0.0,
                    0.0,
                    0.0,
                    0.0,
                    1.0,
                    0.0,
                    0.0,
                    0.0,
                    0.0,
                    1.0
                ],
                "Components": [],
                "Children": [
                    16230141260098453931
                ]
            },
            {
                "UID": 16433175785723257498,
                "ParentUID": 16420915967918616377,
                "Name": "LeftWristIK",
                "Mobility": 1,
                "LocalTransform": [
                    -0.9400064945220947,
                    -0.12430647760629654,
                    0.31770339608192444,
                    4.2632563192693945e-16,
                    0.131098672747612,
                    -0.9913692474365234,
                    -2.7939677238464355e-8,
                    0.0,
                    0.31496140360832214,
                    0.041650474071502686,
                    0.9481901526451111,
                    0.23802845180034637,
                    0.0,
                    0.0,
                    0.0,
                    1.0
                ],
                "Components": [],
                "Children": []
            },
            {
                "UID": 16267518750157872320,
                "ParentUID": 16254660895707736173,
                "Name": "HeadEnd",
                "Mobility": 1,
                "LocalTransform": [
                    1.0,
                    0.0,
                    0.0,
                    1.376676561123106e-16,
                    0.0,
                    1.0,
                    0.0,
                    -3.552713599391162e-17,
                    0.0,
                    0.0,
                    1.0,
                    0.36048606038093567,
                    0.0,
                    0.0,
                    0.0,
                    1.0
                ],
                "Components": [],
                "Children": []
            },
            {
                "UID": 16292935442882880749,
                "ParentUID": 16254660895707736173,
                "Name": "LeftEar",
                "Mobility": 1,
                "LocalTransform": [
                    0.5738646388053894,
                    -0.18254461884498596,
                    0.7983463406562805,
                    0.33966490626335144,
                    -0.05328433960676193,
                    0.964452862739563,
                    0.2588270902633667,
                    0.06945112347602844,
                    -0.8172149062156677,
                    -0.1910710632801056,
                    0.543738603591919,
                    0.40904220938682556,
                    0.0,
                    0.0,
                    0.0,
                    1.0
                ],
                "Components": [],
                "Children": [
                    16304298199276828387
                ]
            },
            {
                "UID": 16476533672302397219,
                "ParentUID": 16242401077903095052,
                "Name": "RightUpperArmFK",
                "Mobility": 1,
                "LocalTransform": [
                    -0.20239877700805664,
                    0.9083868861198425,
                    0.3658798038959503,
                    -0.17286500334739685,
                    0.0006553530693054199,
                    -0.3734867572784424,
                    0.9276353120803833,
                    0.06917709857225418,
                    0.9793030023574829,
                    0.18799197673797607,
                    0.0749979019165039,
                    0.19190272688865662,
                    0.0,
                    0.0,
                    0.0,
                    1.0
                ],
                "Components": [],
                "Children": [
                    16487597412521080992
                ]
            },
            {
                "UID": 16420915967918616377,
                "ParentUID": 16409852231994899900,
                "Name": "LeftLowerArmIK",
                "Mobility": 1,
                "LocalTransform": [
                    1.0,
                    0.0,
                    0.0,
                    1.4210854397564648e-16,
                    0.0,
                    1.0,
                    0.0,
                    -3.552713599391162e-17,
                    0.0,
                    0.0,
                    1.0,
                    0.2511610686779022,
                    0.0,
                    0.0,
                    0.0,
                    1.0
                ],
                "Components": [],
                "Children": [
                    16433175785723257498
                ]
            },
            {
                "UID": 16317455078492162991,
                "ParentUID": 16254660895707736173,
                "Name": "RightEar",
                "Mobility": 1,
                "LocalTransform": [
                    0.8211361765861511,
                    -0.14109382033348083,
                    0.5530170798301697,
                    -0.3396649956703186,
                    0.013818442821502686,
                    -0.9637616872787476,
                    -0.2664070129394531,
                    0.06945109367370605,
                    0.5705650448799133,
                    0.2263982743024826,
                    -0.7894299030303955,
                    0.4090425372123718,
                    0.0,
                    0.0,
                    0.0,
                    1.0
                ],
                "Components": [],
                "Children": [
                    16329415875826572951
                ]
            },
            {
                "UID": 2763887344292921897,
                "ParentUID": 2662220573392888181,
                "Name": "LeftBrow1",
                "Mobility": 1,
                "LocalTransform": [
                    0.9999229907989502,
                    0.0056876447051763535,
                    0.011030450463294983,
                    0.11806417256593704,
                    0.009551508352160454,
                    0.21479803323745728,
                    -0.9766117930412292,
                    -0.14525644481182098,
                    -0.007923940196633339,
                    0.9766419529914856,
                    0.21472716331481934,
                    0.2626665532588959,
                    0.0,
                    0.0,
                    0.0,
                    1.0
                ],
                "Components": [],
                "Children": [
                    2774353043571143348
                ]
            },
            {
                "UID": 16585376925898044207,
                "ParentUID": 16230141260098453931,
                "Name": "RightLeg",
                "Mobility": 1,
                "LocalTransform": [
                    0.9998040199279785,
                    3.607531106739235e-18,
                    0.019798098132014275,
                    -0.1548829972743988,
                    -3.4694473655439205e-18,
                    1.0,
                    -7.00895610179047e-18,
                    -0.12964299321174622,
                    -0.019798098132014275,
                    6.938893903907228e-18,
                    0.9998040199279785,
                    0.0001973873731913045,
                    0.0,
                    0.0,
                    0.0,
                    1.0
                ],
                "Components": [],
                "Children": [
                    16597038702762223007
                ]
            },
            {
                "UID": 16329415875826572951,
                "ParentUID": 16317455078492162991,
                "Name": "RightEarEnd",
                "Mobility": 1,
                "LocalTransform": [
                    1.0,
                    0.0,
                    0.0,
                    -8.285292665277666e-7,
                    0.0,
                    1.0,
                    0.0,
                    -9.097042408257039e-8,
                    0.0,
                    0.0,
                    1.0,
                    -0.2137383073568344,
                    0.0,
                    0.0,
                    0.0,
                    1.0
                ],
                "Components": [],
                "Children": []
            },
            {
                "UID": 16341077652690751750,
                "ParentUID": 16242401077903095052,
                "Name": "LeftUpperArm",
                "Mobility": 1,
                "LocalTransform": [
                    -0.10497522354125977,
                    0.884840190410614,
                    0.45391422510147095,
                    0.17286542057991028,
                    0.09591269493103027,
                    0.46331650018692017,
                    -0.880987286567688,
                    0.06917708367109299,
                    -0.9898388981819153,
                    -0.04894563555717468,
                    -0.13350415229797363,
                    0.1919027417898178,
                    0.0,
                    0.0,
                    0.0,
                    1.0
                ],
                "Components": [],
                "Children": [
                    16354234527611119058
                ]
            },
            {
                "UID": 16514808223772509091,
                "ParentUID": 16487597412521080992,
                "Name": "RightWristFK",
                "Mobility": 1,
                "LocalTransform": [
                    1.0,
                    0.0,
                    0.0,
                    -1.4210854397564648e-16,
                    0.0,
                    1.0,
                    0.0,
                    -3.552713599391162e-17,
                    0.0,
                    0.0,
                    1.0,
                    -0.23802900314331055,
                    0.0,
                    0.0,
                    0.0,
                    1.0
                ],
                "Components": [],
                "Children": []
            },
            {
                "UID": 3094603374483229931,
                "ParentUID": 3086828855142121633,
                "Name": "RightHand2",
                "Mobility": 1,
                "LocalTransform": [
                    1.0,
                    4.622231866529366e-33,
                    1.1102230246251565e-16,
                    2.5626103905551645e-8,
                    0.0,
                    1.0,
                    -4.163336342344337e-17,
                    2.1987830223224591e-7,
                    -1.1102230246251565e-16,
                    4.163336342344337e-17,
                    1.0,
                    -0.09398884326219559,
                    0.0,
                    0.0,
                    0.0,
                    1.0
                ],
                "Components": [],
                "Children": []
            },
            {
                "UID": 16354234527611119058,
                "ParentUID": 16341077652690751750,
                "Name": "LeftLowerArm",
                "Mobility": 1,
                "LocalTransform": [
                    0.9981038570404053,
                    0.016097696498036385,
                    -0.059410035610198975,
                    0.0,
                    -0.017469407990574837,
                    0.9995909929275513,
                    -0.022642144933342934,
                    0.0,
                    0.059021249413490295,
                    0.023637069389224052,
                    0.9979768395423889,
                    0.2511610686779022,
                    0.0,
                    0.0,
                    0.0,
                    1.0
                ],
                "Components": [],
                "Children": [
                    16367092382061255205
                ]
            },
            {
                "UID": 16367092382061255205,
                "ParentUID": 16354234527611119058,
                "Name": "LeftWrist",
                "Mobility": 1,
                "LocalTransform": [
                    0.9995995759963989,
                    4.007864437492545e-17,
                    -0.028296370059251785,
                    2.8421708795129297e-16,
                    -4.163336011472092e-17,
                    1.0,
                    -5.435484207041485e-17,
                    0.0,
                    0.028296370059251785,
                    5.5511147922535377e-17,
                    0.9995995759963989,
                    0.23802845180034637,
                    0.0,
                    0.0,
                    0.0,
                    1.0
                ],
                "Components": [],
                "Children": []
            },
            {
                "UID": 16562053372169686609,
                "ParentUID": 16230141260098453931,
                "Name": "LeftLeg",
                "Mobility": 1,
                "LocalTransform": [
                    0.9998040199279785,
                    -9.364822734623146e-18,
                    0.019798098132014275,
                    0.15488280355930328,
                    -6.938893903907228e-18,
                    -1.0,
                    -1.226020766495394e-16,
                    -0.12964345514774323,
                    0.019798098132014275,
                    1.2244066393352825e-16,
                    -0.9998040199279785,
                    0.00019751557556446642,
                    0.0,
                    0.0,
                    0.0,
                    1.0
                ],
                "Components": [],
                "Children": [
                    16574313185679360434
                ]
            },
            {
                "UID": 16377259060869245495,
                "ParentUID": 16242401077903095052,
                "Name": "LeftUpperArmFK",
                "Mobility": 1,
                "LocalTransform": [
                    -0.10497522354125977,
                    0.884840190410614,
                    0.45391422510147095,
                    0.17286542057991028,
                    0.09591269493103027,
                    0.46331650018692017,
                    -0.880987286567688,
                    0.06917708367109299,
                    -0.9898388981819153,
                    -0.04894563555717468,
                    -0.13350415229797363,
                    0.1919027417898178,
                    0.0,
                    0.0,
                    0.0,
                    1.0
                ],
                "Components": [],
                "Children": [
                    16388322796792961972
                ]
            },
            {
                "UID": 16388322796792961972,
                "ParentUID": 16377259060869245495,
                "Name": "LeftLowerArmFK",
                "Mobility": 1,
                "LocalTransform": [
                    0.9981038570404053,
                    0.016097696498036385,
                    -0.059410035610198975,
                    -1.4210854397564648e-16,
                    -0.017469407990574837,
                    0.9995909929275513,
                    -0.022642144933342934,
                    3.552713599391162e-17,
                    0.059021249413490295,
                    0.023637069389224052,
                    0.9979768395423889,
                    0.2511610686779022,
                    0.0,
                    0.0,
                    0.0,
                    1.0
                ],
                "Components": [],
                "Children": [
                    16399386537011645746
                ]
            },
            {
                "UID": 2754916747365856251,
                "ParentUID": 2744152031912370935,
                "Name": "LeftBrow2End",
                "Mobility": 1,
                "LocalTransform": [
                    0.9851308465003967,
                    0.1390659213066101,
                    0.1008855402469635,
                    -0.003431284101679921,
                    -0.1507662832736969,
                    0.9813194870948792,
                    0.1195058673620224,
                    0.0019515125313773751,
                    -0.08238175511360168,
                    -0.13293905556201935,
                    0.987694501876831,
                    0.18421299755573273,
                    0.0,
                    0.0,
                    0.0,
                    1.0
                ],
                "Components": [],
                "Children": []
            },
            {
                "UID": 3012073875023284854,
                "ParentUID": 2835353103534183199,
                "Name": "LeftUpperArm_IK",
                "Mobility": 1,
                "LocalTransform": [
                    0.3793070912361145,
                    0.8252260088920593,
                    0.41848301887512207,
                    -0.0027035519015043974,
                    0.41159695386886597,
                    0.25458139181137085,
                    -0.8750863671302795,
                    0.00005978210174362175,
                    -0.8286820650100708,
                    0.5041727423667908,
                    -0.2430959939956665,
                    0.15292668342590332,
                    0.0,
                    0.0,
                    0.0,
                    1.0
                ],
                "Components": [],
                "Children": [
                    3020745455775086636
                ]
            },
            {
                "UID": 16399386537011645746,
                "ParentUID": 16388322796792961972,
                "Name": "LeftWristFK",
                "Mobility": 1,
                "LocalTransform": [
                    0.9995995759963989,
                    4.3221431085536976e-17,
                    -0.028296370059251785,
                    2.8421708795129297e-16,
                    -4.163336342344337e-17,
                    1.0,
                    5.67119329305541e-17,
                    -7.105427198782324e-17,
                    0.028296370059251785,
                    -5.5511147922535377e-17,
                    0.9995995759963989,
                    0.23802845180034637,
                    0.0,
                    0.0,
                    0.0,
                    1.0
                ],
                "Components": [],
                "Children": []
            },
            {
                "UID": 2723818674296390354,
                "ParentUID": 2662220573392888181,
                "Name": "LeftBrow3",
                "Mobility": 1,
                "LocalTransform": [
                    0.696609377861023,
                    0.005814045667648315,
                    0.7174270153045654,
                    0.11806417256593704,
                    0.716030478477478,
                    0.0572507381439209,
                    -0.6957173347473145,
                    -0.14525644481182098,
                    -0.04511815309524536,
                    0.9983428716659546,
                    0.03571838140487671,
                    0.2626665532588959,
                    0.0,
                    0.0,
                    0.0,
                    1.0
                ],
                "Components": [],
                "Children": [
                    2734284373574611806
                ]
            },
            {
                "UID": 16409852231994899900,
                "ParentUID": 16242401077903095052,
                "Name": "LeftUpperArmIK",
                "Mobility": 1,
                "LocalTransform": [
                    0.5943189859390259,
                    -0.016260763630270958,
                    0.8040649890899658,
                    0.17286542057991028,
                    0.0037804883904755116,
                    -0.9997279644012451,
                    -0.023012015968561172,
                    0.06917708367109299,
                    0.8042205572128296,
                    0.016716234385967255,
                    -0.5940958261489868,
                    0.1919027417898178,
                    0.0,
                    0.0,
                    0.0,
                    1.0
                ],
                "Components": [],
                "Children": [
                    16420915967918616377
                ]
            },
            {
                "UID": 2699000022511844248,
                "ParentUID": 2689730405114547441,
                "Name": "Hat4",
                "Mobility": 1,
                "LocalTransform": [
                    0.8340001702308655,
                    0.4929482936859131,
                    -0.2478824406862259,
                    -3.552713599391162e-17,
                    -0.33841264247894287,
                    0.8118240237236023,
                    0.4758346676826477,
                    2.8421708795129297e-16,
                    0.4357988238334656,
                    -0.3129596710205078,
                    0.8438813090324402,
                    0.09813515096902847,
                    0.0,
                    0.0,
                    0.0,
                    1.0
                ],
                "Components": [],
                "Children": [
                    2707372578498447571
                ]
            },
            {
                "UID": 16443940501176742814,
                "ParentUID": 16242401077903095052,
                "Name": "RightUpperArm",
                "Mobility": 1,
                "LocalTransform": [
                    -0.20239877700805664,
                    0.9083868861198425,
                    0.3658798038959503,
                    -0.17286500334739685,
                    0.0006553530693054199,
                    -0.3734867572784424,
                    0.9276353120803833,
                    0.06917709857225418,
                    0.9793030023574829,
                    0.18799197673797607,
                    0.0749979019165039,
                    0.19190272688865662,
                    0.0,
                    0.0,
                    0.0,
                    1.0
                ],
                "Components": [],
                "Children": [
                    16455303261865657749
                ]
            },
            {
                "UID": 2689730405114547441,
                "ParentUID": 2681058828657712956,
                "Name": "Hat3",
                "Mobility": 1,
                "LocalTransform": [
                    0.9691434502601624,
                    0.13883131742477417,
                    0.20368331670761108,
                    2.1316281596346973e-16,
                    -0.24396735429763794,
                    0.6583226919174194,
                    0.7121032476425171,
                    1.4210854397564648e-16,
                    -0.03522711247205734,
                    -0.739822268486023,
                    0.6718794703483582,
                    0.2078413963317871,
                    0.0,
                    0.0,
                    0.0,
                    1.0
                ],
                "Components": [],
                "Children": [
                    2699000022511844248
                ]
            },
            {
                "UID": 3276407485376326731,
                "ParentUID": 3267735908919492246,
                "Name": "GunBarrelStretch",
                "Mobility": 1,
                "LocalTransform": [
                    0.196286141872406,
                    1.1165863596414045e-16,
                    0.9805466532707214,
                    0.29340702295303345,
                    2.000464181310083e-15,
                    1.0,
                    -5.143273523583165e-16,
                    -1.9073459256446768e-8,
                    -0.9805466532707214,
                    2.062503838982303e-15,
                    0.196286141872406,
                    0.020117010921239853,
                    0.0,
                    0.0,
                    0.0,
                    1.0
                ],
                "Components": [],
                "Children": [
                    3284780041362930055
                ]
            },
            {
                "UID": 16465768956848911903,
                "ParentUID": 16455303261865657749,
                "Name": "RightWrist",
                "Mobility": 1,
                "LocalTransform": [
                    1.0,
                    0.0,
                    0.0,
                    -1.4210854397564648e-16,
                    0.0,
                    1.0,
                    0.0,
