{
    "Scene": {
        "UID": 3579594936008832800,
        "Name": "SkinningScene",
        "RootGameObject": 13712301092941947620,
        "GameObjects": [
            {
                "UID": 6081301028914375248,
                "ParentUID": 6026580377351283675,
                "Name": "Sides",
                "Mobility": 1,
                "LocalTransform": [
                    1.0,
                    0.0,
                    0.0,
                    0.0,
                    0.0,
                    1.0,
                    0.0,
                    0.0,
                    0.0,
                    0.0,
                    1.0,
                    0.0,
                    0.0,
                    0.0,
                    0.0,
                    1.0
                ],
                "Components": [],
                "Children": [
                    10615714824469652414
                ]
            },
            {
                "UID": 5596953529649800356,
                "ParentUID": 13712301092941947620,
                "Name": "Wall",
                "Mobility": 1,
                "LocalTransform": [
                    1.0,
                    0.0,
                    0.0,
                    -10.32512378692627,
                    0.0,
                    1.0,
                    0.0,
                    0.000004280188932170859,
                    0.0,
                    0.0,
                    1.0,
                    9.984355926513672,
                    0.0,
                    0.0,
                    0.0,
                    1.0
                ],
                "Components": [],
                "Children": [
                    5639115338642982729,
                    5651674172622887715
                ]
            },
            {
                "UID": 11243168641629197978,
                "ParentUID": 10924413408773299904,
                "Name": "RightShoulder",
                "Mobility": 1,
                "LocalTransform": [
                    -0.01767599582672119,
                    -0.21945218741893768,
                    0.9754630923271179,
                    -0.08406879007816315,
                    0.3076164722442627,
                    -0.9294867515563965,
                    -0.20353460311889648,
                    0.029100360348820686,
                    0.951346218585968,
                    0.29647088050842285,
                    0.08393675088882446,
                    0.2083737552165985,
                    0.0,
                    0.0,
                    0.0,
                    1.0
                ],
                "Components": [],
                "Children": [
                    11253335320437188269,
                    11358291307919830163,
                    11394472720393291204
                ]
            },
            {
                "UID": 11160041105523757877,
                "ParentUID": 11137315588440895304,
                "Name": "LeftThumb1",
                "Mobility": 1,
                "LocalTransform": [
                    0.510170042514801,
                    -0.5867652297019958,
                    -0.6288346648216248,
                    -0.07517994940280914,
                    0.16011826694011688,
                    0.7831548452377319,
                    -0.600858211517334,
                    -0.016654400154948235,
                    0.8450376391410828,
                    0.2058519423007965,
                    0.4934939742088318,
                    0.03963978588581085,
                    0.0,
                    0.0,
                    0.0,
                    1.0
                ],
                "Components": [],
                "Children": [
                    11168114641040130039
                ]
            },
            {
                "UID": 13712301092941947620,
                "ParentUID": 0,
                "Name": "SceneModule GameObject",
                "Mobility": 1,
                "LocalTransform": [
                    1.0,
                    0.0,
                    0.0,
                    0.0,
                    0.0,
                    1.0,
                    0.0,
                    0.0,
                    0.0,
                    0.0,
                    1.0,
                    0.0,
                    0.0,
                    0.0,
                    0.0,
                    1.0
                ],
                "Components": [],
                "Children": [
                    5596953529649800356,
                    14748815510400106191,
                    6026580377351283675,
                    10851452547180882796,
                    17867634831317328045,
                    9792547350637024966,
                    131830462982964695,
                    14881505070962524627,
                    6764156278168783035
                ]
            },
            {
                "UID": 14748815510400106191,
                "ParentUID": 13712301092941947620,
                "Name": "Robot",
                "Mobility": 1,
                "LocalTransform": [
                    1.0,
                    0.0,
                    0.0,
                    8.702360153198242,
                    0.0,
                    1.0,
                    0.0,
                    -0.0000031026127089717193,
                    0.0,
                    0.0,
                    1.0,
                    0.3690277338027954,
                    0.0,
                    0.0,
                    0.0,
                    1.0
                ],
                "Components": [],
                "Children": [
                    14782604763406685241
                ]
            },
            {
                "UID": 5639115338642982729,
                "ParentUID": 5596953529649800356,
                "Name": "Wall",
                "Mobility": 1,
                "LocalTransform": [
                    1.0,
                    0.0,
                    0.0,
                    0.0,
                    0.0,
                    1.0,
                    0.0,
                    0.0,
                    0.0,
                    0.0,
                    1.0,
                    0.0,
                    0.0,
                    0.0,
                    0.0,
                    1.0
                ],
                "Components": [],
                "Children": [
                    5942022516641469962
                ]
            },
            {
                "UID": 14782604763406685241,
                "ParentUID": 14748815510400106191,
                "Name": "Robot",
                "Mobility": 1,
                "LocalTransform": [
                    1.0,
                    0.0,
                    0.0,
                    0.0,
                    0.0,
                    1.0,
                    0.0,
                    0.0,
                    0.0,
                    0.0,
                    1.0,
                    0.0,
                    0.0,
                    0.0,
                    0.0,
                    1.0
                ],
                "Components": [],
                "Children": [
                    15139036502497265568
                ]
            },
            {
                "UID": 11261408855953560431,
                "ParentUID": 11253335320437188269,
                "Name": "RightLowerArm",
                "Mobility": 1,
                "LocalTransform": [
                    0.9789044857025146,
                    0.14610736072063446,
                    0.1428236961364746,
                    -1.4474896659066872e-7,
                    0.00921197235584259,
                    0.6667536497116089,
                    -0.7452212572097778,
                    -6.198447977112664e-8,
                    -0.2041105329990387,
                    0.730816125869751,
                    0.6513422131538391,
                    -0.1497308760881424,
                    0.0,
                    0.0,
                    0.0,
                    1.0
                ],
                "Components": [],
                "Children": [
                    11269482395764899891
                ]
            },
            {
                "UID": 10615714824469652414,
                "ParentUID": 6081301028914375248,
                "Name": "Sides Mesh 1",
                "Mobility": 1,
                "LocalTransform": [
                    1.0,
                    0.0,
                    0.0,
                    0.0,
                    0.0,
                    1.0,
                    0.0,
                    0.0,
                    0.0,
                    0.0,
                    1.0,
                    0.0,
                    0.0,
                    0.0,
                    0.0,
                    1.0
                ],
                "Components": [
                    {
                        "UID": 2475492870,
                        "ParentUID": 10615714824469652414,
                        "Type": 1,
                        "Enabled": true,
                        "Name": "Mesh",
                        "Mesh": 1183804472616880,
                        "Material": 0
                    }
                ],
                "Children": []
            },
            {
                "UID": 5651674172622887715,
                "ParentUID": 5596953529649800356,
                "Name": "Stars",
                "Mobility": 1,
                "LocalTransform": [
                    1.0,
                    0.0,
                    0.0,
                    0.0,
                    0.0,
                    1.0,
                    0.0,
                    0.0,
                    0.0,
                    0.0,
                    1.0,
                    0.0,
                    0.0,
                    0.0,
                    0.0,
                    1.0
                ],
                "Components": [],
                "Children": [
                    15792318726030678968
                ]
            },
            {
                "UID": 15792318726030678968,
                "ParentUID": 5651674172622887715,
                "Name": "Stars Mesh 1",
                "Mobility": 1,
                "LocalTransform": [
                    1.0,
                    0.0,
                    0.0,
                    0.0,
                    0.0,
                    1.0,
                    0.0,
                    0.0,
                    0.0,
                    0.0,
                    1.0,
                    0.0,
                    0.0,
                    0.0,
                    0.0,
                    1.0
                ],
                "Components": [
                    {
                        "UID": 3681321856,
                        "ParentUID": 15792318726030678968,
                        "Type": 1,
                        "Enabled": true,
                        "Name": "Mesh",
                        "Mesh": 1130288263648742,
                        "Material": 1320615765952894
                    }
                ],
                "Children": []
            },
            {
                "UID": 5942022516641469962,
                "ParentUID": 5639115338642982729,
                "Name": "Wall Mesh 1",
                "Mobility": 1,
                "LocalTransform": [
                    1.0,
                    0.0,
                    0.0,
                    0.0,
                    0.0,
                    1.0,
                    0.0,
                    0.0,
                    0.0,
                    0.0,
                    1.0,
                    0.0,
                    0.0,
                    0.0,
                    0.0,
                    1.0
                ],
                "Components": [
                    {
                        "UID": 1384668484,
                        "ParentUID": 5942022516641469962,
                        "Type": 1,
                        "Enabled": true,
                        "Name": "Mesh",
                        "Mesh": 1185072238712738,
                        "Material": 1361203432179654
                    }
                ],
                "Children": []
            },
            {
                "UID": 15139036502497265568,
                "ParentUID": 14782604763406685241,
                "Name": "Robot Mesh 1",
                "Mobility": 1,
                "LocalTransform": [
                    1.0,
                    0.0,
                    0.0,
                    0.0,
                    0.0,
                    1.0,
                    0.0,
                    0.0,
                    0.0,
                    0.0,
                    1.0,
                    0.0,
                    0.0,
                    0.0,
                    0.0,
                    1.0
                ],
                "Components": [
                    {
                        "UID": 3525945549,
                        "ParentUID": 15139036502497265568,
                        "Type": 1,
                        "Enabled": true,
                        "Name": "Mesh",
                        "Mesh": 1180910550090325,
                        "Material": 1337251468535911
                    }
                ],
                "Children": []
            },
            {
                "UID": 11176188180851469499,
                "ParentUID": 11103227319259052390,
                "Name": "LeftUpperArm_FK",
                "Mobility": 1,
                "LocalTransform": [
                    0.40701550245285034,
                    0.38671204447746277,
                    0.8275217413902283,
                    -0.0027035519015043974,
                    0.3865438401699066,
                    0.7479172945022583,
                    -0.5396328568458557,
                    0.00005978210174362175,
                    -0.8276003003120422,
                    0.5395123362541199,
                    0.15493273735046387,
                    0.15292668342590332,
                    0.0,
                    0.0,
                    0.0,
                    1.0
                ],
                "Components": [],
                "Children": [
                    11184261716367841661
                ]
            },
            {
                "UID": 11479095358849887112,
                "ParentUID": 11470722798568316491,
                "Name": "Tail2",
                "Mobility": 1,
                "LocalTransform": [
                    0.9999895691871643,
                    0.004558384418487549,
                    0.0001582537079229951,
                    -0.022032933309674263,
                    -0.0045583900064229965,
                    0.9999896287918091,
                    0.0000374931150872726,
                    0.10826773196458817,
                    -0.00015808115131221712,
                    -0.00003821410427917726,
                    1.0,
                    0.07460284233093262,
                    0.0,
                    0.0,
                    0.0,
                    1.0
                ],
                "Components": [],
                "Children": [
                    11486869873896028113
                ]
            },
            {
                "UID": 11070335127663166824,
                "ParentUID": 10933384005700365550,
                "Name": "RightBrow2",
                "Mobility": 1,
                "LocalTransform": [
                    0.91672283411026,
                    0.052428215742111206,
                    0.396068811416626,
                    -0.11499738693237305,
                    -0.39948374032974243,
                    0.1062546968460083,
                    0.9105618000030518,
                    -0.14525650441646576,
                    0.005654916167259216,
                    -0.9929558038711548,
                    0.1183503270149231,
                    0.2640235126018524,
                    0.0,
                    0.0,
                    0.0,
                    1.0
                ],
                "Components": [],
                "Children": [
                    11079006708414968606
                ]
            },
            {
                "UID": 11111300859070391850,
                "ParentUID": 11103227319259052390,
                "Name": "LeftUpperArm",
                "Mobility": 1,
                "LocalTransform": [
                    0.3793070912361145,
                    0.8252260088920593,
                    0.41848301887512207,
                    -0.0027035519015043974,
                    0.41159695386886597,
                    0.25458139181137085,
                    -0.8750863671302795,
                    0.00005978210174362175,
                    -0.8286820650100708,
                    0.5041727423667908,
                    -0.2430959939956665,
                    0.15292668342590332,
                    0.0,
                    0.0,
                    0.0,
                    1.0
                ],
                "Components": [],
                "Children": [
                    11119374394586764012
                ]
            },
            {
                "UID": 6026580377351283675,
                "ParentUID": 13712301092941947620,
                "Name": "Base",
                "Mobility": 1,
                "LocalTransform": [
                    1.0,
                    0.0,
                    0.0,
                    -9.763649940490723,
                    0.0,
                    1.0,
                    0.0,
                    0.0000042588490032358095,
                    0.0,
                    0.0,
                    1.0,
                    9.332357406616211,
                    0.0,
                    0.0,
                    0.0,
                    1.0
                ],
                "Components": [],
                "Children": [
                    6069041211109734127,
                    6081301028914375248,
                    6091467703427398241
                ]
            },
            {
                "UID": 15506456702694415790,
                "ParentUID": 14956260051081361405,
                "Name": "HipSway",
                "Mobility": 1,
                "LocalTransform": [
                    0.9510404467582703,
                    -0.23836177587509155,
                    -0.1967376172542572,
                    -3.552713467042264e-16,
                    -0.19081321358680725,
                    0.04791676998138428,
                    -0.9804561734199524,
                    1.776356733521132e-16,
                    0.24313032627105713,
                    0.9699936509132385,
                    0.00008821487426757813,
                    -3.552713599391162e-17,
                    0.0,
                    0.0,
                    0.0,
                    1.0
                ],
                "Components": [],
                "Children": [
                    15514829258681019113,
                    15531275354478961896
                ]
            },
            {
                "UID": 10896006515640947161,
                "ParentUID": 10851452547180882796,
                "Name": "PlayerCtrl",
                "Mobility": 1,
                "LocalTransform": [
                    1.0,
                    0.0,
                    0.0,
                    0.0,
                    0.0,
                    1.0,
                    0.0,
                    0.0,
                    0.0,
                    0.0,
                    1.0,
                    0.0,
                    0.0,
                    0.0,
                    0.0,
                    1.0
                ],
                "Components": [],
                "Children": [
                    10906771235389399774,
                    11495242434177598734
                ]
            },
            {
                "UID": 10851452547180882796,
                "ParentUID": 13712301092941947620,
                "Name": "Player",
                "Mobility": 1,
                "LocalTransform": [
                    1.0,
                    0.0,
                    0.0,
                    -2.798218011856079,
                    0.0,
                    1.0,
                    0.0,
                    0.0,
                    0.0,
                    0.0,
                    1.0,
                    2.210270404815674,
                    0.0,
                    0.0,
                    0.0,
                    1.0
                ],
                "Components": [],
                "Children": [
                    10884942779717230684,
                    10896006515640947161,
                    11529031682889210486
                ]
            },
            {
                "UID": 6069041211109734127,
                "ParentUID": 6026580377351283675,
                "Name": "Base",
                "Mobility": 1,
                "LocalTransform": [
                    1.0,
                    0.0,
                    0.0,
                    0.0,
                    0.0,
                    1.0,
                    0.0,
                    0.0,
                    0.0,
                    0.0,
                    1.0,
                    0.0,
                    0.0,
                    0.0,
                    0.0,
                    1.0
                ],
                "Components": [],
                "Children": [
                    6435340608538073583
                ]
            },
            {
                "UID": 6091467703427398241,
                "ParentUID": 6026580377351283675,
                "Name": "Planks",
                "Mobility": 1,
                "LocalTransform": [
                    1.0,
                    0.0,
                    0.0,
                    0.0,
                    0.0,
                    1.0,
                    0.0,
                    0.0,
                    0.0,
                    0.0,
                    1.0,
                    0.0,
                    0.0,
                    0.0,
                    0.0,
                    1.0
                ],
                "Components": [],
                "Children": [
                    12280956747990404087
                ]
            },
            {
                "UID": 11201604873576477928,
                "ParentUID": 11193232313294907307,
                "Name": "LeftWrist_FK",
                "Mobility": 1,
                "LocalTransform": [
                    0.0003177523612976074,
                    -0.9814871549606323,
                    -0.19152745604515076,
                    -2.700062362007063e-15,
                    0.996906042098999,
                    0.015365302562713623,
                    -0.07708573341369629,
                    1.776356799695581e-17,
                    0.07860154658555984,
                    -0.19091036915779114,
                    0.9784554243087769,
                    0.06863118708133698,
                    0.0,
                    0.0,
                    0.0,
                    1.0
                ],
                "Components": [],
                "Children": []
            },
            {
                "UID": 445203335964636463,
                "ParentUID": 436830779978033139,
                "Name": "LeftFoot",
                "Mobility": 1,
                "LocalTransform": [
                    0.9998040199279785,
                    0.017338348552584648,
                    -0.009557528421282768,
                    0.048644665628671646,
                    0.0,
                    0.4827498197555542,
                    0.8757582902908325,
                    0.07756918668746948,
                    0.019798098132014275,
                    -0.8755866289138794,
                    0.4826551675796509,
                    0.12021666020154953,
                    0.0,
                    0.0,
                    0.0,
                    1.0
                ],
                "Components": [],
                "Children": []
            },
            {
                "UID": 11184261716367841661,
                "ParentUID": 11176188180851469499,
                "Name": "LeftLowerArm_FK",
                "Mobility": 1,
                "LocalTransform": [
                    0.9999318718910217,
                    0.0005432275356724858,
                    0.011660116724669933,
                    2.1316281596346973e-16,
                    -0.000050870905397459865,
                    0.9991098642349243,
                    -0.04218452796339989,
                    -5.329070399086743e-17,
                    -0.011672652326524258,
                    0.04218106344342232,
                    0.9990417957305908,
                    0.1497313231229782,
                    0.0,
                    0.0,
                    0.0,
                    1.0
                ],
                "Components": [],
                "Children": [
                    11193232313294907307
                ]
            },
            {
                "UID": 15273819206351302132,
                "ParentUID": 15249897611682482211,
                "Name": "LeftThumb1",
                "Mobility": 1,
                "LocalTransform": [
                    0.510170042514801,
                    -0.5867652297019958,
                    -0.6288346648216248,
                    -0.07517994940280914,
                    0.16011826694011688,
                    0.7831548452377319,
                    -0.600858211517334,
                    -0.016654400154948235,
                    0.8450376391410828,
                    0.2058519423007965,
                    0.4934939742088318,
                    0.03963978588581085,
                    0.0,
                    0.0,
                    0.0,
                    1.0
                ],
                "Components": [],
                "Children": [
                    15282191762337905455
                ]
            },
            {
                "UID": 11437830606972430925,
                "ParentUID": 11429458050985827602,
                "Name": "LeftLeg",
                "Mobility": 1,
                "LocalTransform": [
                    -0.9769046306610107,
                    0.00430644303560257,
                    0.21363228559494019,
                    0.1659204512834549,
                    -0.2074224054813385,
                    -0.2592182159423828,
                    -0.9432824850082397,
                    0.038067083805799484,
                    0.05131518095731735,
                    -0.9658092260360718,
                    0.2541247010231018,
                    0.15226322412490845,
                    0.0,
                    0.0,
                    0.0,
                    1.0
                ],
                "Components": [],
                "Children": [
                    11445605126313539223
                ]
            },
            {
                "UID": 6435340608538073583,
                "ParentUID": 6069041211109734127,
                "Name": "Base Mesh 1",
                "Mobility": 1,
                "LocalTransform": [
                    1.0,
                    0.0,
                    0.0,
                    0.0,
                    0.0,
                    1.0,
                    0.0,
                    0.0,
                    0.0,
                    0.0,
                    1.0,
                    0.0,
                    0.0,
                    0.0,
                    0.0,
                    1.0
                ],
                "Components": [
                    {
                        "UID": 1499597674,
                        "ParentUID": 6435340608538073583,
                        "Type": 1,
                        "Enabled": true,
                        "Name": "Mesh",
                        "Mesh": 1166247728759279,
                        "Material": 1345546333879267
                    }
                ],
                "Children": []
            },
            {
                "UID": 12280956747990404087,
                "ParentUID": 6091467703427398241,
                "Name": "Planks Mesh 1",
                "Mobility": 1,
                "LocalTransform": [
                    1.0,
                    0.0,
                    0.0,
                    0.0,
                    0.0,
                    1.0,
                    0.0,
                    0.0,
                    0.0,
                    0.0,
                    1.0,
                    0.0,
                    0.0,
                    0.0,
                    0.0,
                    1.0
                ],
                "Components": [
                    {
                        "UID": 2862237525,
                        "ParentUID": 12280956747990404087,
                        "Type": 1,
                        "Enabled": true,
                        "Name": "Mesh",
                        "Mesh": 1133041708554138,
                        "Material": 1345546333879267
                    }
                ],
                "Children": []
            },
            {
                "UID": 15498682183353307491,
                "ParentUID": 15490309627366704168,
                "Name": "RightWrist_IK",
                "Mobility": 1,
                "LocalTransform": [
                    0.5408898591995239,
                    -0.8154653906822205,
                    -0.20604468882083893,
                    4.3071580080322747e-7,
                    0.6813845038414001,
                    0.5684522390365601,
                    -0.4610609710216522,
                    -4.741850645473278e-8,
                    0.49310582876205444,
                    0.10898759961128235,
                    0.8631154894828796,
                    -0.06863118708133698,
                    0.0,
                    0.0,
                    0.0,
                    1.0
                ],
                "Components": [],
                "Children": []
            },
            {
                "UID": 10933384005700365550,
                "ParentUID": 10924413408773299904,
                "Name": "Head",
                "Mobility": 1,
                "LocalTransform": [
                    0.5176846981048584,
                    -0.8456183075904846,
                    0.1301240175962448,
                    0.0,
                    0.8453931212425232,
                    0.5289652943611145,
                    0.07420344650745392,
                    0.020128821954131126,
                    -0.13157887756824493,
                    0.07159195840358734,
                    0.9887171387672424,
                    0.23236966133117676,
                    0.0,
                    0.0,
                    0.0,
                    1.0
                ],
                "Components": [],
                "Children": [
                    10942653623097662357,
                    10990795828610566062,
                    11008438006289433490,
                    11028472339140215612,
                    11046114516819083040,
                    11070335127663166824,
                    11087379264401571929
                ]
            },
            {
                "UID": 11486869873896028113,
                "ParentUID": 11479095358849887112,
                "Name": "Tail3",
                "Mobility": 1,
                "LocalTransform": [
                    1.0,
                    -2.1566393809680613e-19,
                    2.255748349178529e-20,
                    5.151434580150842e-15,
                    -2.168404344971009e-19,
                    -0.9945744276046753,
                    0.10402803122997284,
                    1.4210854397564648e-16,
                    0.0,
                    -0.10402803122997284,
                    -0.9945744276046753,
                    0.17295822501182556,
                    0.0,
                    0.0,
                    0.0,
                    1.0
                ],
                "Components": [],
                "Children": []
            },
            {
                "UID": 10884942779717230684,
                "ParentUID": 10851452547180882796,
                "Name": "Gun",
                "Mobility": 1,
                "LocalTransform": [
                    1.0,
                    0.0,
                    0.0,
                    0.0,
                    0.0,
                    1.0,
                    0.0,
                    0.0,
                    0.0,
                    0.0,
                    1.0,
                    0.0,
                    0.0,
                    0.0,
                    0.0,
                    1.0
                ],
                "Components": [],
                "Children": [
                    11667178886732936405
                ]
            },
            {
                "UID": 10906771235389399774,
                "ParentUID": 10896006515640947161,
                "Name": "Root",
                "Mobility": 1,
                "LocalTransform": [
                    1.0,
                    0.0,
                    0.0,
                    0.0,
                    0.0,
                    1.0,
                    0.0,
                    0.0,
                    0.0,
                    0.0,
                    1.0,
                    0.0,
                    0.0,
                    0.0,
                    0.0,
                    1.0
                ],
                "Components": [],
                "Children": [
                    10916040852786696581
                ]
            },
            {
                "UID": 10916040852786696581,
                "ParentUID": 10906771235389399774,
                "Name": "Hips",
                "Mobility": 1,
                "LocalTransform": [
                    1.0,
                    0.0,
                    -0.0,
                    -0.13460859656333923,
                    0.0,
                    0.058942317962646484,
                    0.9982613325119019,
                    0.16361381113529205,
                    0.0,
                    -0.9982613325119019,
                    0.058942317962646484,
                    -0.04540376737713814,
                    0.0,
                    0.0,
                    0.0,
                    1.0
                ],
                "Components": [],
                "Children": [
                    10924413408773299904,
                    11429458050985827602,
                    11470722798568316491
                ]
            },
            {
                "UID": 17993223196886181681,
                "ParentUID": 17983056522373158687,
                "Name": "LeftEarEnd",
                "Mobility": 1,
                "LocalTransform": [
                    1.0,
                    0.0,
                    0.0,
                    -1.4210854397564648e-16,
                    0.0,
                    1.0,
                    0.0,
                    2.4868995857482625e-16,
                    0.0,
                    0.0,
                    1.0,
                    0.21373941004276276,
                    0.0,
                    0.0,
                    0.0,
                    1.0
                ],
                "Components": [],
                "Children": []
            },
            {
                "UID": 11218050969374420711,
                "ParentUID": 11209678409092850090,
                "Name": "LeftLowerArm_IK",
                "Mobility": 1,
                "LocalTransform": [
                    0.9999988079071045,
                    0.0005431013414636254,
                    0.0014497687807306647,
                    2.1316281596346973e-16,
                    -0.0005430571036413312,
                    0.9999998807907104,
                    -0.000030880783015163615,
                    -7.105427198782324e-17,
                    -0.0014497853117063642,
                    0.0000300934370898176,
                    0.999998927116394,
                    0.1497313231229782,
                    0.0,
                    0.0,
                    0.0,
                    1.0
                ],
                "Components": [],
                "Children": [
                    11227021566301486356
                ]
            },
            {
                "UID": 11127447934398103472,
                "ParentUID": 11119374394586764012,
                "Name": "LeftLowerArm2",
                "Mobility": 1,
                "LocalTransform": [
                    0.9999959468841553,
                    4.9109633692978605e-8,
                    -0.0028384544420987368,
                    -1.4210854397564648e-16,
                    4.9109633692978605e-8,
                    1.0,
                    0.00003460301013546996,
                    -1.4210854397564648e-16,
                    0.0028384544420987368,
                    -0.00003460301013546996,
                    0.9999959468841553,
                    0.06671474128961563,
                    0.0,
                    0.0,
                    0.0,
                    1.0
                ],
                "Components": [],
                "Children": [
                    11137315588440895304
                ]
            },
            {
                "UID": 15455324296774167771,
                "ParentUID": 15446054679376870964,
                "Name": "RightLowerArm2_FK",
                "Mobility": 1,
                "LocalTransform": [
                    0.9999959468841553,
                    4.910961237669653e-8,
                    -0.0028384544420987368,
                    -4.521109246979904e-7,
                    4.9109633692978605e-8,
                    1.0,
                    0.000034603002859512344,
                    2.8051605482914965e-8,
                    0.0028384544420987368,
                    -0.000034603002859512344,
                    0.9999959468841553,
                    -0.06671466678380966,
                    0.0,
                    0.0,
                    0.0,
                    1.0
                ],
                "Components": [],
                "Children": [
                    15463397832290539933
                ]
            },
            {
                "UID": 15106667068434761148,
                "ParentUID": 15096500393921738154,
                "Name": "RightBrow1End",
                "Mobility": 1,
                "LocalTransform": [
                    1.0,
                    6.23009673364483e-17,
                    2.7755575615628914e-17,
                    6.798250069550704e-7,
                    -6.23009673364483e-17,
                    1.0,
                    2.4774019641293776e-17,
                    -1.3531808917832677e-7,
                    -2.7755575615628914e-17,
                    -2.4774019641293776e-17,
                    1.0,
                    -0.18402041494846344,
                    0.0,
                    0.0,
                    0.0,
                    1.0
                ],
                "Components": [],
                "Children": []
            },
            {
                "UID": 4940892138052922520,
                "ParentUID": 17899031924857025102,
                "Name": "Zombunny Mesh 2",
                "Mobility": 1,
                "LocalTransform": [
                    1.0,
                    0.0,
                    0.0,
                    0.0,
                    0.0,
                    1.0,
                    0.0,
                    0.0,
                    0.0,
                    0.0,
                    1.0,
                    0.0,
                    0.0,
                    0.0,
                    0.0,
                    1.0
                ],
                "Components": [
                    {
                        "UID": 1152967073,
