{
    "Scene": {
        "UID": 5364607417201279433,
        "Name": "SSS",
        "RootGameObject": 11827081977305151400,
        "GameObjects": [
            {
                "UID": 11827081977305151400,
                "ParentUID": 0,
                "Name": "SceneModule GameObject",
                "Mobility": 1,
                "LocalTransform": [
                    1.0,
                    0.0,
                    0.0,
                    0.0,
                    0.0,
                    1.0,
                    0.0,
                    0.0,
                    0.0,
                    0.0,
                    1.0,
                    0.0,
                    0.0,
                    0.0,
                    0.0,
                    1.0
                ],
                "Components": [],
                "Children": [
                    2643136216807686602,
                    16666572339645884512,
                    14814536657763348332,
                    18018628778350685831
                ]
            },
            {
                "UID": 16793356787095662792,
                "ParentUID": 16780498928350559349,
                "Name": "SpineBONEBONEBONEBONEBONEBONE",
                "Mobility": 1,
                "LocalTransform": [
                    0.9736073613166809,
                    -0.02847175858914852,
                    -0.2264152616262436,
                    0.556806206703186,
                    -0.013176876120269299,
                    0.9835160374641418,
                    -0.18034175038337708,
                    -0.25388216972351074,
                    0.2278175801038742,
                    0.17856530845165253,
                    0.9571946263313293,
                    1.68079674243927,
                    0.0,
                    0.0,
                    0.0,
                    1.0
                ],
                "Components": [],
                "Children": [
                    16834023493737689360,
                    16845984291072099320,
                    16857646067936278119,
                    16868410783389763435,
                    16883959822071980031,
                    16895920619406389992,
                    16906984355330106468
                ]
            },
            {
                "UID": 2643136216807686602,
                "ParentUID": 11827081977305151400,
                "Name": "Zombunny",
                "Mobility": 1,
                "PrefabUID": 1611343585756969,
                "LocalTransform": [
                    1.0,
                    0.0,
                    0.0,
                    0.0,
                    0.0,
                    1.0,
                    0.0,
                    0.0,
                    0.0,
                    0.0,
                    1.0,
                    0.0,
                    0.0,
                    0.0,
                    0.0,
                    1.0
                ],
                "Components": [],
                "Children": [
                    2665562709125350717,
                    2677523506459760677
                ]
            },
            {
                "UID": 2665562709125350717,
                "ParentUID": 2643136216807686602,
                "Name": "Zombunny",
                "Mobility": 1,
                "LocalTransform": [
                    1.0,
                    0.0,
                    0.0,
                    0.0,
                    0.0,
                    1.0,
                    0.0,
                    0.0,
                    0.0,
                    0.0,
                    1.0,
                    0.0,
                    0.0,
                    0.0,
                    0.0,
                    1.0
                ],
                "Components": [],
                "Children": [
                    2689185283323939476,
                    2711910796111834752
                ]
            },
            {
                "UID": 2677523506459760677,
                "ParentUID": 2643136216807686602,
                "Name": "Ctrl_Grp",
                "Mobility": 1,
                "LocalTransform": [
                    1.0,
                    0.0,
                    0.0,
                    0.0,
                    0.0,
                    1.0,
                    0.0,
                    0.0,
                    0.0,
                    0.0,
                    1.0,
                    0.0,
                    0.0,
                    0.0,
                    0.0,
                    1.0
                ],
                "Components": [],
                "Children": [
                    2732842190373310358
                ]
            },
            {
                "UID": 2689185283323939476,
                "ParentUID": 2665562709125350717,
                "Name": "Zombunny Mesh 1",
                "Mobility": 1,
                "LocalTransform": [
                    1.0,
                    0.0,
                    0.0,
                    0.0,
                    0.0,
                    1.0,
                    0.0,
                    0.0,
                    0.0,
                    0.0,
                    1.0,
                    0.0,
                    0.0,
                    0.0,
                    0.0,
                    1.0
                ],
                "Components": [
                    {
                        "UID": 626612087,
                        "ParentUID": 2689185283323939476,
                        "Type": 1,
                        "Enabled": true,
                        "Name": "Mesh",
                        "Mesh": 1106966564939503,
                        "Material": 1348994631450559,
                        "Bones": [
                            2732842190373310358,
                            2743905930591994131,
                            2755268686985941769,
                            2792347156575128997,
                            2891322747538049560,
                            2903283544872459520,
                            2989700301855475097,
                            2914048260325944835,
                            3001362078719653896,
                            2803111872028614313,
                            2925411021014859770,
                            3012425814643370373,
                            2836901125035193362,
                            2957107130729820692,
                            3044121924358331294,
                            2766631443379889407,
                            2870092332806342793,
                            2777695179303605884,
                            2880857052554795405
                        ],
                        "ModelUID": 1432072392359526,
                        "SkinIndex": 0
                    }
                ],
                "Children": []
            },
            {
                "UID": 2711910796111834752,
                "ParentUID": 2665562709125350717,
                "Name": "Zombunny Mesh 2",
                "Mobility": 1,
                "LocalTransform": [
                    1.0,
                    0.0,
                    0.0,
                    0.0,
                    0.0,
                    1.0,
                    0.0,
                    0.0,
                    0.0,
                    0.0,
                    1.0,
                    0.0,
                    0.0,
                    0.0,
                    0.0,
                    1.0
                ],
                "Components": [
                    {
                        "UID": 631764041,
                        "ParentUID": 2711910796111834752,
                        "Type": 1,
                        "Enabled": true,
                        "Name": "Mesh",
                        "Mesh": 1121634482795735,
                        "Material": 1318409606369889,
                        "Bones": [
                            2732842190373310358,
                            2743905930591994131,
                            2755268686985941769,
                            2792347156575128997,
                            2891322747538049560,
                            2903283544872459520,
                            2989700301855475097,
                            2914048260325944835,
                            3001362078719653896,
                            2803111872028614313,
                            2925411021014859770,
                            3012425814643370373,
                            2836901125035193362,
                            2957107130729820692,
                            3044121924358331294,
                            2766631443379889407,
                            2870092332806342793,
                            2777695179303605884,
                            2880857052554795405
                        ],
                        "ModelUID": 1432072392359526,
                        "SkinIndex": 0
                    }
                ],
                "Children": []
            },
            {
                "UID": 2732842190373310358,
                "ParentUID": 2677523506459760677,
                "Name": "RootBONEBONEBONEBONEBONEBONE",
                "Mobility": 1,
                "LocalTransform": [
                    5.960464477539063e-8,
                    -0.9999999403953552,
                    0.0,
                    0.0,
                    0.9999999403953552,
                    5.960464477539063e-8,
                    0.0,
                    0.0,
                    0.0,
                    0.0,
                    1.0,
                    0.0,
                    0.0,
                    0.0,
                    0.0,
                    1.0
                ],
                "Components": [],
                "Children": [
                    2743905930591994131
                ]
            },
            {
                "UID": 2743905930591994131,
                "ParentUID": 2732842190373310358,
                "Name": "HipsBONEBONEBONEBONEBONEBONE",
                "Mobility": 1,
                "LocalTransform": [
                    0.08235752582550049,
                    -0.03420817852020264,
                    0.9960155487060547,
                    0.2909983694553375,
                    -0.996405839920044,
                    -0.0226975679397583,
                    0.08161023259162903,
                    0.0027264284435659647,
                    0.019815444946289063,
                    -0.9991569519042969,
                    -0.03595459461212158,
                    0.0002082364517264068,
                    0.0,
                    0.0,
                    0.0,
                    1.0
                ],
                "Components": [],
                "Children": [
                    2755268686985941769,
                    2766631443379889407,
                    2777695179303605884
                ]
            },
            {
                "UID": 2755268686985941769,
                "ParentUID": 2743905930591994131,
                "Name": "SpineBONEBONEBONEBONEBONEBONE",
                "Mobility": 1,
                "LocalTransform": [
                    0.9736073613166809,
                    -0.02847175858914852,
                    -0.2264152616262436,
                    0.556806206703186,
                    -0.013176876120269299,
                    0.9835160374641418,
                    -0.18034175038337708,
                    -0.25388216972351074,
                    0.2278175801038742,
                    0.17856530845165253,
                    0.9571946263313293,
                    1.68079674243927,
                    0.0,
                    0.0,
                    0.0,
                    1.0
                ],
                "Components": [],
                "Children": [
                    2792347156575128997,
                    2803111872028614313,
                    2813876587482099628,
                    2824940327700783402,
                    2836901125035193362,
                    2847964860958909839,
                    2858729576412395155
                ]
            },
            {
                "UID": 2766631443379889407,
                "ParentUID": 2743905930591994131,
                "Name": "LeftLegBONEBONEBONEBONEBONEBONE",
                "Mobility": 1,
                "LocalTransform": [
                    0.9998040199279785,
                    -9.364822734623146e-18,
                    0.019798098132014275,
                    0.15488280355930328,
                    -6.938893903907228e-18,
                    -1.0,
                    -1.226020766495394e-16,
                    -0.12964345514774323,
                    0.019798098132014275,
                    1.2244066393352825e-16,
                    -0.9998040199279785,
                    0.00019751557556446642,
                    0.0,
                    0.0,
                    0.0,
                    1.0
                ],
                "Components": [],
                "Children": [
                    2870092332806342793
                ]
            },
            {
                "UID": 2777695179303605884,
                "ParentUID": 2743905930591994131,
                "Name": "RightLegBONEBONEBONEBONEBONEBONE",
                "Mobility": 1,
                "LocalTransform": [
                    0.9998040199279785,
                    3.607531106739235e-18,
                    0.019798098132014275,
                    -0.1548829972743988,
                    -3.4694473655439205e-18,
                    1.0,
                    -7.00895610179047e-18,
                    -0.12964299321174622,
                    -0.019798098132014275,
                    6.938893903907228e-18,
                    0.9998040199279785,
                    0.0001973873731913045,
                    0.0,
                    0.0,
                    0.0,
                    1.0
                ],
                "Components": [],
                "Children": [
                    2880857052554795405
                ]
            },
            {
                "UID": 2792347156575128997,
                "ParentUID": 2755268686985941769,
                "Name": "HeadBONEBONEBONEBONEBONEBONE",
                "Mobility": 1,
                "LocalTransform": [
                    0.990496814250946,
                    0.08263042569160461,
                    0.10994669049978256,
                    7.105427198782324e-17,
                    -0.054260510951280594,
                    0.96933513879776,
                    -0.23967716097831726,
                    8.881783998477905e-18,
                    -0.1263798177242279,
                    0.2314336895942688,
                    0.9646069407463074,
                    0.23028619587421417,
                    0.0,
                    0.0,
                    0.0,
                    1.0
                ],
                "Components": [],
                "Children": [
                    2891322747538049560,
                    2903283544872459520,
                    2914048260325944835
                ]
            },
            {
                "UID": 2803111872028614313,
                "ParentUID": 2755268686985941769,
                "Name": "LeftUpperArmBONEBONEBONEBONEBONEBONE",
                "Mobility": 1,
                "LocalTransform": [
                    -0.10497522354125977,
                    0.884840190410614,
                    0.45391422510147095,
                    0.17286542057991028,
                    0.09591269493103027,
                    0.46331650018692017,
                    -0.880987286567688,
                    0.06917708367109299,
                    -0.9898388981819153,
                    -0.04894563555717468,
                    -0.13350415229797363,
                    0.1919027417898178,
                    0.0,
                    0.0,
                    0.0,
                    1.0
                ],
                "Components": [],
                "Children": [
                    2925411021014859770
                ]
            },
            {
                "UID": 2903283544872459520,
                "ParentUID": 2792347156575128997,
                "Name": "LeftEarBONEBONEBONEBONEBONEBONE",
                "Mobility": 1,
                "LocalTransform": [
                    0.5738646388053894,
                    -0.18254461884498596,
                    0.7983463406562805,
                    0.33966490626335144,
                    -0.05328433960676193,
                    0.964452862739563,
                    0.2588270902633667,
                    0.06945112347602844,
                    -0.8172149062156677,
                    -0.1910710632801056,
                    0.543738603591919,
                    0.40904220938682556,
                    0.0,
                    0.0,
                    0.0,
                    1.0
                ],
                "Components": [],
                "Children": [
                    2989700301855475097
                ]
            },
            {
                "UID": 2813876587482099628,
                "ParentUID": 2755268686985941769,
                "Name": "LeftUpperArmFK",
                "Mobility": 1,
                "LocalTransform": [
                    -0.10497522354125977,
                    0.884840190410614,
                    0.45391422510147095,
                    0.17286542057991028,
                    0.09591269493103027,
                    0.46331650018692017,
                    -0.880987286567688,
                    0.06917708367109299,
                    -0.9898388981819153,
                    -0.04894563555717468,
                    -0.13350415229797363,
                    0.1919027417898178,
                    0.0,
                    0.0,
                    0.0,
                    1.0
                ],
                "Components": [],
                "Children": [
                    2935577695527882764
                ]
            },
            {
                "UID": 2824940327700783402,
                "ParentUID": 2755268686985941769,
                "Name": "LeftUpperArmIK",
                "Mobility": 1,
                "LocalTransform": [
                    0.5943189859390259,
                    -0.016260763630270958,
                    0.8040649890899658,
                    0.17286542057991028,
                    0.0037804883904755116,
                    -0.9997279644012451,
                    -0.023012015968561172,
                    0.06917708367109299,
                    0.8042205572128296,
                    0.016716234385967255,
                    -0.5940958261489868,
                    0.1919027417898178,
                    0.0,
                    0.0,
                    0.0,
                    1.0
                ],
                "Components": [],
                "Children": [
                    2946342415276335376
                ]
            },
            {
                "UID": 2836901125035193362,
                "ParentUID": 2755268686985941769,
                "Name": "RightUpperArmBONEBONEBONEBONEBONEBONE",
                "Mobility": 1,
                "LocalTransform": [
                    -0.20239877700805664,
                    0.9083868861198425,
                    0.3658798038959503,
                    -0.17286500334739685,
                    0.0006553530693054199,
                    -0.3734867572784424,
                    0.9276353120803833,
                    0.06917709857225418,
                    0.9793030023574829,
                    0.18799197673797607,
                    0.0749979019165039,
                    0.19190272688865662,
                    0.0,
                    0.0,
                    0.0,
                    1.0
                ],
                "Components": [],
                "Children": [
                    2957107130729820692
                ]
            },
            {
                "UID": 2847964860958909839,
                "ParentUID": 2755268686985941769,
                "Name": "RightUpperArmFK",
                "Mobility": 1,
                "LocalTransform": [
                    -0.20239877700805664,
                    0.9083868861198425,
                    0.3658798038959503,
                    -0.17286500334739685,
                    0.0006553530693054199,
                    -0.3734867572784424,
                    0.9276353120803833,
                    0.06917709857225418,
                    0.9793030023574829,
                    0.18799197673797607,
                    0.0749979019165039,
                    0.19190272688865662,
                    0.0,
                    0.0,
                    0.0,
                    1.0
                ],
                "Components": [],
                "Children": [
                    2968469887123768330
                ]
            },
            {
                "UID": 2858729576412395155,
                "ParentUID": 2755268686985941769,
                "Name": "RightUpperArmIK",
                "Mobility": 1,
                "LocalTransform": [
                    0.37511032819747925,
                    0.03617744520306587,
                    0.9262739419937134,
                    -0.17286500334739685,
                    0.028101976960897446,
                    0.998335063457489,
                    -0.050372302532196045,
                    0.06917709857225418,
                    -0.9265540838241577,
                    0.044925302267074585,
                    0.37346911430358887,
                    0.19190272688865662,
                    0.0,
                    0.0,
                    0.0,
                    1.0
                ],
                "Components": [],
                "Children": [
                    2978636565931758620
                ]
            },
            {
                "UID": 2870092332806342793,
                "ParentUID": 2766631443379889407,
                "Name": "LeftFootBONEBONEBONEBONEBONEBONE",
                "Mobility": 1,
                "LocalTransform": [
                    0.9998040199279785,
                    0.017338348552584648,
                    -0.009557528421282768,
                    0.048644665628671646,
                    0.0,
                    0.4827498197555542,
                    0.8757582902908325,
                    0.07756918668746948,
                    0.019798098132014275,
                    -0.8755866289138794,
                    0.4826551675796509,
                    0.12021666020154953,
                    0.0,
                    0.0,
                    0.0,
                    1.0
                ],
                "Components": [],
                "Children": []
            },
            {
                "UID": 2880857052554795405,
                "ParentUID": 2777695179303605884,
                "Name": "RightFootBONEBONEBONEBONEBONEBONE",
                "Mobility": 1,
                "LocalTransform": [
                    0.9998040199279785,
                    0.017338348552584648,
                    -0.009557528421282768,
                    -0.00982758030295372,
                    0.0,
                    0.4827498197555542,
                    0.8757582902908325,
                    0.09173905849456787,
                    0.019798098132014275,
                    -0.8755866289138794,
                    0.4826551675796509,
                    -0.24033106863498688,
                    0.0,
                    0.0,
                    0.0,
                    1.0
                ],
                "Components": [],
                "Children": []
            },
            {
                "UID": 2891322747538049560,
                "ParentUID": 2792347156575128997,
                "Name": "HeadEndBONEBONEBONEBONEBONEBONE",
                "Mobility": 1,
                "LocalTransform": [
                    1.0,
                    0.0,
                    0.0,
                    1.376676561123106e-16,
                    0.0,
                    1.0,
                    0.0,
                    -3.552713599391162e-17,
                    0.0,
                    0.0,
                    1.0,
                    0.36048606038093567,
                    0.0,
                    0.0,
                    0.0,
                    1.0
                ],
                "Components": [],
                "Children": []
            },
            {
                "UID": 2914048260325944835,
                "ParentUID": 2792347156575128997,
                "Name": "RightEarBONEBONEBONEBONEBONEBONE",
                "Mobility": 1,
                "LocalTransform": [
                    0.8211361765861511,
                    -0.14109382033348083,
                    0.5530170798301697,
                    -0.3396649956703186,
                    0.013818442821502686,
                    -0.9637616872787476,
                    -0.2664070129394531,
                    0.06945109367370605,
                    0.5705650448799133,
                    0.2263982743024826,
                    -0.7894299030303955,
                    0.4090425372123718,
                    0.0,
                    0.0,
                    0.0,
                    1.0
                ],
                "Components": [],
                "Children": [
                    3001362078719653896
                ]
            },
            {
                "UID": 2925411021014859770,
                "ParentUID": 2803111872028614313,
                "Name": "LeftLowerArmBONEBONEBONEBONEBONEBONE",
                "Mobility": 1,
                "LocalTransform": [
                    0.9981038570404053,
                    0.016097696498036385,
                    -0.059410035610198975,
                    0.0,
                    -0.017469407990574837,
                    0.9995909929275513,
                    -0.022642144933342934,
                    0.0,
                    0.059021249413490295,
                    0.023637069389224052,
                    0.9979768395423889,
                    0.2511610686779022,
                    0.0,
                    0.0,
                    0.0,
                    1.0
                ],
                "Components": [],
                "Children": [
                    3012425814643370373
                ]
            },
            {
                "UID": 2935577695527882764,
                "ParentUID": 2813876587482099628,
                "Name": "LeftLowerArmFK",
                "Mobility": 1,
                "LocalTransform": [
                    0.9981038570404053,
                    0.016097696498036385,
                    -0.059410035610198975,
                    -1.4210854397564648e-16,
                    -0.017469407990574837,
                    0.9995909929275513,
                    -0.022642144933342934,
                    3.552713599391162e-17,
                    0.059021249413490295,
                    0.023637069389224052,
                    0.9979768395423889,
                    0.2511610686779022,
                    0.0,
                    0.0,
                    0.0,
                    1.0
                ],
                "Components": [],
                "Children": [
                    3022891513921591824
                ]
            },
            {
                "UID": 2946342415276335376,
                "ParentUID": 2824940327700783402,
                "Name": "LeftLowerArmIK",
                "Mobility": 1,
                "LocalTransform": [
                    1.0,
                    0.0,
                    0.0,
                    1.4210854397564648e-16,
                    0.0,
                    1.0,
                    0.0,
                    -3.552713599391162e-17,
                    0.0,
                    0.0,
                    1.0,
                    0.2511610686779022,
                    0.0,
                    0.0,
                    0.0,
                    1.0
                ],
                "Components": [],
                "Children": [
                    3033058188434614818
                ]
            },
            {
                "UID": 2957107130729820692,
                "ParentUID": 2836901125035193362,
                "Name": "RightLowerArmBONEBONEBONEBONEBONEBONE",
                "Mobility": 1,
                "LocalTransform": [
                    0.9976502060890198,
                    -0.015034640207886696,
                    0.06684313714504242,
                    -1.4210854397564648e-16,
                    0.012386690825223923,
                    0.9991287589073181,
                    0.03985383361577988,
                    -3.552713599391162e-17,
                    -0.06738409399986267,
                    -0.03893221914768219,
                    0.9969672560691833,
                    -0.25116100907325745,
                    0.0,
                    0.0,
                    0.0,
                    1.0
                ],
                "Components": [],
                "Children": [
                    3044121924358331294
                ]
            },
            {
                "UID": 15140767389490123543,
                "ParentUID": 15013683921570114102,
                "Name": "LeftLowerArmIK",
                "Mobility": 1,
                "LocalTransform": [
                    1.0,
                    0.0,
                    0.0,
                    1.4210854397564648e-16,
                    0.0,
                    1.0,
                    0.0,
                    -3.552713599391162e-17,
                    0.0,
                    0.0,
                    1.0,
                    0.2511610686779022,
                    0.0,
                    0.0,
                    0.0,
                    1.0
                ],
                "Components": [],
                "Children": [
                    15237051800515930953
                ]
            },
            {
                "UID": 2968469887123768330,
                "ParentUID": 2847964860958909839,
                "Name": "RightLowerArmFK",
                "Mobility": 1,
                "LocalTransform": [
                    0.9976502060890198,
                    -0.015034640207886696,
                    0.06684313714504242,
                    -2.8421708795129297e-16,
                    0.012386690825223923,
                    0.9991287589073181,
                    0.03985383361577988,
                    -5.773159516292577e-17,
                    -0.06738409399986267,
                    -0.03893221914768219,
                    0.9969672560691833,
                    -0.25116100907325745,
                    0.0,
                    0.0,
                    0.0,
                    1.0
                ],
                "Components": [],
                "Children": [
                    3054587623636552746
                ]
            },
            {
                "UID": 2978636565931758620,
                "ParentUID": 2858729576412395155,
                "Name": "RightLowerArmIK",
                "Mobility": 1,
                "LocalTransform": [
                    0.5286387205123901,
                    -8.668426084356903e-14,
                    0.8488469123840332,
                    -2.1316281596346973e-16,
                    0.0,
                    1.0,
                    1.0212001329192727e-13,
                    -3.552713599391162e-17,
                    -0.8488469123840332,
                    -5.3984594572398237e-14,
                    0.5286387205123901,
                    -0.25116100907325745,
                    0.0,
                    0.0,
                    0.0,
                    1.0
                ],
                "Components": [],
                "Children": [
                    3066249400500731545
                ]
            },
            {
                "UID": 2989700301855475097,
                "ParentUID": 2903283544872459520,
                "Name": "LeftEarEndBONEBONEBONEBONEBONEBONE",
                "Mobility": 1,
                "LocalTransform": [
                    1.0,
                    0.0,
                    0.0,
                    -1.4210854397564648e-16,
                    0.0,
                    1.0,
                    0.0,
                    2.4868995857482625e-16,
                    0.0,
                    0.0,
                    1.0,
                    0.21373941004276276,
                    0.0,
                    0.0,
                    0.0,
                    1.0
                ],
                "Components": [],
                "Children": []
            },
            {
                "UID": 3001362078719653896,
                "ParentUID": 2914048260325944835,
                "Name": "RightEarEndBONEBONEBONEBONEBONEBONE",
                "Mobility": 1,
                "LocalTransform": [
                    1.0,
                    0.0,
                    0.0,
                    -8.285292665277666e-7,
                    0.0,
                    1.0,
                    0.0,
                    -9.097042408257039e-8,
                    0.0,
                    0.0,
                    1.0,
                    -0.2137383073568344,
                    0.0,
                    0.0,
                    0.0,
                    1.0
                ],
                "Components": [],
                "Children": []
            },
            {
                "UID": 3012425814643370373,
                "ParentUID": 2925411021014859770,
                "Name": "LeftWristBONEBONEBONEBONEBONEBONE",
                "Mobility": 1,
                "LocalTransform": [
                    0.9995995759963989,
                    4.007864437492545e-17,
                    -0.028296370059251785,
                    2.8421708795129297e-16,
                    -4.163336011472092e-17,
                    1.0,
                    -5.435484207041485e-17,
                    0.0,
                    0.028296370059251785,
                    5.5511147922535377e-17,
                    0.9995995759963989,
                    0.23802845180034637,
                    0.0,
                    0.0,
                    0.0,
                    1.0
                ],
                "Components": [],
                "Children": []
            },
            {
                "UID": 3022891513921591824,
                "ParentUID": 2935577695527882764,
                "Name": "LeftWristFK",
                "Mobility": 1,
                "LocalTransform": [
                    0.9995995759963989,
                    4.3221431085536976e-17,
                    -0.028296370059251785,
                    2.8421708795129297e-16,
                    -4.163336342344337e-17,
                    1.0,
                    5.67119329305541e-17,
                    -7.105427198782324e-17,
                    0.028296370059251785,
                    -5.5511147922535377e-17,
                    0.9995995759963989,
                    0.23802845180034637,
                    0.0,
                    0.0,
                    0.0,
                    1.0
                ],
                "Components": [],
                "Children": []
            },
            {
                "UID": 3033058188434614818,
                "ParentUID": 2946342415276335376,
                "Name": "LeftWristIK",
                "Mobility": 1,
                "LocalTransform": [
                    -0.9400064945220947,
                    -0.12430647760629654,
                    0.31770339608192444,
                    4.2632563192693945e-16,
                    0.131098672747612,
                    -0.9913692474365234,
                    -2.7939677238464355e-8,
                    0.0,
                    0.31496140360832214,
                    0.041650474071502686,
                    0.9481901526451111,
                    0.23802845180034637,
                    0.0,
                    0.0,
                    0.0,
                    1.0
                ],
                "Components": [],
                "Children": []
            },
            {
                "UID": 3044121924358331294,
                "ParentUID": 2957107130729820692,
                "Name": "RightWristBONEBONEBONEBONEBONEBONE",
                "Mobility": 1,
                "LocalTransform": [
                    1.0,
                    0.0,
                    0.0,
                    -1.4210854397564648e-16,
                    0.0,
                    1.0,
                    0.0,
                    -9.769962563761818e-17,
                    0.0,
                    0.0,
                    1.0,
                    -0.23802900314331055,
                    0.0,
                    0.0,
                    0.0,
                    1.0
                ],
                "Components": [],
                "Children": []
            },
            {
                "UID": 3054587623636552746,
                "ParentUID": 2968469887123768330,
                "Name": "RightWristFK",
                "Mobility": 1,
                "LocalTransform": [
                    1.0,
                    0.0,
                    0.0,
                    -1.4210854397564648e-16,
                    0.0,
                    1.0,
                    0.0,
                    -3.552713599391162e-17,
                    0.0,
                    0.0,
                    1.0,
                    -0.23802900314331055,
                    0.0,
                    0.0,
                    0.0,
                    1.0
                ],
                "Components": [],
                "Children": []
            },
            {
                "UID": 3066249400500731545,
                "ParentUID": 2978636565931758620,
                "Name": "RightWristIK",
                "Mobility": 1,
                "LocalTransform": [
                    -0.931799054145813,
                    -0.18528158962726593,
                    -0.31212422251701355,
                    -1.4210854397564648e-16,
                    0.195024773478508,
                    -0.9807983636856079,
                    -1.862645149230957e-8,
                    -3.552713599391162e-17,
                    -0.30613091588020325,
                    -0.06087197735905647,
                    0.9500412940979004,
                    -0.23802900314331055,
                    0.0,
                    0.0,
                    0.0,
                    1.0
                ],
                "Components": [],
                "Children": []
            },
            {
                "UID": 16666572339645884512,
                "ParentUID": 11827081977305151400,
                "Name": "Zombunny",
                "Mobility": 1,
                "PrefabUID": 1611343585756969,
                "LocalTransform": [
                    1.0,
                    0.0,
                    0.0,
                    -2.6738011837005615,
                    0.0,
                    1.0,
                    0.0,
                    0.0,
                    0.0,
                    0.0,
                    1.0,
                    0.0,
                    0.0,
                    0.0,
                    0.0,
                    1.0
                ],
                "Components": [],
                "Children": [
                    16689297852433779788,
                    16701856690708652070
                ]
            },
            {
                "UID": 16689297852433779788,
                "ParentUID": 16666572339645884512,
                "Name": "Zombunny",
                "Mobility": 1,
                "LocalTransform": [
                    1.0,
