{
    "Prefab": {
        "UID": 1679664336419203,
        "Name": "Player",
        "GameObjects": [
            {
                "UID": 14800008291654296479,
                "ParentUID": 11368398341550154074,
                "Name": "Player",
                "Mobility": 1,
                "LocalTransform": [
                    1.0,
                    0.0,
                    0.0,
                    0.0,
                    0.0,
                    1.0,
                    0.0,
                    0.0,
                    0.0,
                    0.0,
                    1.0,
                    0.0,
                    0.0,
                    0.0,
                    0.0,
                    1.0
                ],
                "Components": [],
                "Children": [
                    14839478920710365699,
                    14853831877511657651,
                    15503303140557863760
                ]
            },
            {
                "UID": 14839478920710365699,
                "ParentUID": 14800008291654296479,
                "Name": "Gun",
                "Mobility": 1,
                "LocalTransform": [
                    1.0,
                    0.0,
                    0.0,
                    0.0,
                    0.0,
                    1.0,
                    0.0,
                    0.0,
                    0.0,
                    0.0,
                    1.0,
                    0.0,
                    0.0,
                    0.0,
                    0.0,
                    1.0
                ],
                "Components": [],
                "Children": [
                    15789465202288107429
                ]
            },
            {
                "UID": 14853831877511657651,
                "ParentUID": 14800008291654296479,
                "Name": "PlayerCtrl",
                "Mobility": 1,
                "LocalTransform": [
                    1.0,
                    0.0,
                    0.0,
                    0.0,
                    0.0,
                    1.0,
                    0.0,
                    0.0,
                    0.0,
                    0.0,
                    1.0,
                    0.0,
                    0.0,
                    0.0,
                    0.0,
                    1.0
                ],
                "Components": [],
                "Children": [
                    14864596592965142967,
                    15470709969432209355
                ]
            },
            {
                "UID": 15503303140557863760,
                "ParentUID": 14800008291654296479,
                "Name": "Player",
                "Mobility": 1,
                "LocalTransform": [
                    1.0,
                    0.0,
                    0.0,
                    0.0,
                    0.0,
                    1.0,
                    0.0,
                    0.00028208954608999193,
                    0.0,
                    0.0,
                    1.0,
                    0.0,
                    0.0,
                    0.0,
                    0.0,
                    1.0
                ],
                "Components": [],
                "Children": [
                    4599131171315483718
                ]
            },
            {
                "UID": 15789465202288107429,
                "ParentUID": 14839478920710365699,
                "Name": "Gun Mesh 1",
                "Mobility": 1,
                "LocalTransform": [
                    1.0,
                    0.0,
                    0.0,
                    0.0,
                    0.0,
                    1.0,
                    0.0,
                    0.0,
                    0.0,
                    0.0,
                    1.0,
                    0.0,
                    0.0,
                    0.0,
                    0.0,
                    1.0
                ],
                "Components": [
                    {
                        "UID": 3677385281,
                        "ParentUID": 15789465202288107429,
                        "Type": 1,
                        "Enabled": true,
                        "Name": "Mesh",
                        "Mesh": 1175133285699718,
                        "Material": 1300431735130525,
                        "Bones": [
                            15487455081405416002,
                            15478783504948581517
                        ],
                        "ModelUID": 1432667470224814,
                        "SkinIndex": 0
                    }
                ],
                "Children": []
            },
            {
                "UID": 14864596592965142967,
                "ParentUID": 14853831877511657651,
                "Name": "Root",
                "Mobility": 1,
                "LocalTransform": [
                    1.0,
                    0.0,
                    0.0,
                    0.0,
                    0.0,
                    1.0,
                    0.0,
                    0.0,
                    0.0,
                    0.0,
                    1.0,
                    0.0,
                    0.0,
                    0.0,
                    0.0,
                    1.0
                ],
                "Components": [],
                "Children": [
                    14875062292243364419
                ]
            },
            {
                "UID": 15470709969432209355,
                "ParentUID": 14853831877511657651,
                "Name": "Ctrl_Grp",
                "Mobility": 1,
                "LocalTransform": [
                    1.0,
                    0.0,
                    0.0,
                    0.0,
                    0.0,
                    1.0,
                    0.0,
                    0.0,
                    0.0,
                    0.0,
                    1.0,
                    0.0,
                    0.0,
                    0.0,
                    0.0,
                    1.0
                ],
                "Components": [],
                "Children": [
                    15478783504948581517
                ]
            },
            {
                "UID": 4599131171315483718,
                "ParentUID": 15503303140557863760,
                "Name": "Player Mesh 1",
                "Mobility": 1,
                "LocalTransform": [
                    1.0,
                    0.0,
                    0.0,
                    0.0,
                    0.0,
                    1.0,
                    0.0,
                    0.0,
                    0.0,
                    0.0,
                    1.0,
                    0.0,
                    0.0,
                    0.0,
                    0.0,
                    1.0
                ],
                "Components": [
                    {
                        "UID": 1073116163,
                        "ParentUID": 4599131171315483718,
                        "Type": 1,
                        "Enabled": true,
                        "Name": "Mesh",
                        "Mesh": 1177293552237702,
                        "Material": 1334989118236977,
                        "Bones": [
                            14875062292243364419,
                            14864596592965142967,
                            14884331909640661226,
                            14893302506567726871,
                            14902871144435254840,
                            14922307436345574640,
                            14930380976156914099,
                            14939650593554210906,
                            14947425108600351908,
                            14954900607471229045,
                            14962675126812337343,
                            14971645723739402989,
                            14979121222610280126,
                            15001547714927944241,
                            15017694790255655863,
                            15036234025050249477,
                            15053278161788654582,
                            15061650717775257906,
                            15070023278056828526,
                            15078096813573200689,
                            15085871332914308987,
                            15094841929841374633,
                            15104111547238671440,
                            15112783123695505925,
                            15128332162377722521,
                            15208768518546049470,
                            15219234217824270922,
                            15226709712400180762,
                            15234484231741289060,
                            15242258751082397358,
                            15251528368479694165,
                            15267077402866943465,
                            15275150942678282925,
                            15365753977654600164,
                            15374425554111434648,
                            15390273608968915109,
                            15445592292882464790,
                            15454263873634266572
                        ],
                        "ModelUID": 1432667470224814,
                        "SkinIndex": 1
                    }
                ],
                "Children": []
            },
            {
                "UID": 14875062292243364419,
                "ParentUID": 14864596592965142967,
                "Name": "Hips",
                "Mobility": 1,
                "LocalTransform": [
                    1.0,
                    0.0,
                    -0.0,
                    -0.13460859656333923,
                    0.0,
                    0.058942317962646484,
                    0.9982613325119019,
                    0.16361381113529205,
                    0.0,
                    -0.9982613325119019,
                    0.058942317962646484,
                    -0.04540376737713814,
                    0.0,
                    0.0,
                    0.0,
                    1.0
                ],
                "Components": [],
                "Children": [
                    14884331909640661226,
                    15365753977654600164,
                    15445592292882464790
                ]
            },
            {
                "UID": 15478783504948581517,
                "ParentUID": 15470709969432209355,
                "Name": "Gun",
                "Mobility": 1,
                "LocalTransform": [
                    0.0,
                    -1.0,
                    0.0,
                    -0.4025261700153351,
                    0.19611617922782898,
                    0.0,
                    -0.9805806875228882,
                    0.2691025733947754,
                    0.9805806875228882,
                    0.0,
                    0.1961161494255066,
                    -0.18048040568828583,
                    0.0,
                    0.0,
                    0.0,
                    1.0
                ],
                "Components": [],
                "Children": [
                    15487455081405416002
                ]
            },
            {
                "UID": 14884331909640661226,
                "ParentUID": 14875062292243364419,
                "Name": "Spine",
                "Mobility": 1,
                "LocalTransform": [
                    0.32660895586013794,
                    0.7328105568885803,
                    -0.596921443939209,
                    0.02742750756442547,
                    -0.9303116202354431,
                    0.36075687408447266,
                    -0.06614208221435547,
                    0.0653713271021843,
                    0.16687387228012085,
                    0.5769255757331848,
                    0.7995686531066895,
                    0.14960992336273193,
                    0.0,
                    0.0,
                    0.0,
                    1.0
                ],
                "Components": [],
                "Children": [
                    14893302506567726871,
                    15070023278056828526,
                    15208768518546049470
                ]
            },
            {
                "UID": 15365753977654600164,
                "ParentUID": 14875062292243364419,
                "Name": "HipSway",
                "Mobility": 1,
                "LocalTransform": [
                    0.9510404467582703,
                    -0.23836177587509155,
                    -0.1967376172542572,
                    -3.552713467042264e-16,
                    -0.19081321358680725,
                    0.04791676998138428,
                    -0.9804561734199524,
                    1.776356733521132e-16,
                    0.24313032627105713,
                    0.9699936509132385,
                    0.00008821487426757813,
                    -3.552713599391162e-17,
                    0.0,
                    0.0,
                    0.0,
                    1.0
                ],
                "Components": [],
                "Children": [
                    15374425554111434648,
                    15390273608968915109
                ]
            },
            {
                "UID": 15445592292882464790,
                "ParentUID": 14875062292243364419,
                "Name": "Tail1",
                "Mobility": 1,
                "LocalTransform": [
                    0.9999853372573853,
                    -0.004208480939269066,
                    -0.003404774470254779,
                    0.0009591574198566377,
                    0.001653051353059709,
                    -0.36152148246765137,
                    0.9323623180389404,
                    0.1350897252559662,
                    -0.005154728423804045,
                    -0.9323543310165405,
                    -0.36150920391082764,
                    0.0343153141438961,
                    0.0,
                    0.0,
                    0.0,
                    1.0
                ],
                "Components": [],
                "Children": [
                    15454263873634266572
                ]
            },
            {
                "UID": 15487455081405416002,
                "ParentUID": 15478783504948581517,
                "Name": "GunBarrelStretch",
                "Mobility": 1,
                "LocalTransform": [
                    0.196286141872406,
                    1.1165863596414045e-16,
                    0.9805466532707214,
                    0.29340702295303345,
                    2.000464181310083e-15,
                    1.0,
                    -5.143273523583165e-16,
                    -1.9073459256446768e-8,
                    -0.9805466532707214,
                    2.062503838982303e-15,
                    0.196286141872406,
                    0.020117010921239853,
                    0.0,
                    0.0,
                    0.0,
                    1.0
                ],
                "Components": [],
                "Children": [
                    15495528621216755461
                ]
            },
            {
                "UID": 14893302506567726871,
                "ParentUID": 14884331909640661226,
                "Name": "Head",
                "Mobility": 1,
                "LocalTransform": [
                    0.5176846981048584,
                    -0.8456183075904846,
                    0.1301240175962448,
                    0.0,
                    0.8453931212425232,
                    0.5289652943611145,
                    0.07420344650745392,
                    0.020128821954131126,
                    -0.13157887756824493,
                    0.07159195840358734,
                    0.9887171387672424,
                    0.23236966133117676,
                    0.0,
                    0.0,
                    0.0,
                    1.0
                ],
                "Components": [],
                "Children": [
                    14902871144435254840,
                    14962675126812337343,
                    14979121222610280126,
                    15001547714927944241,
                    15017694790255655863,
                    15036234025050249477,
                    15053278161788654582
                ]
            },
            {
                "UID": 15070023278056828526,
                "ParentUID": 14884331909640661226,
                "Name": "LeftShoulder",
                "Mobility": 1,
                "LocalTransform": [
                    -0.01767599582672119,
                    -0.21945218741893768,
                    0.9754630923271179,
                    0.08366904407739639,
                    -0.3076164722442627,
                    0.9294868111610413,
                    0.20353460311889648,
                    0.029055647552013397,
                    -0.951346218585968,
                    -0.29647088050842285,
                    -0.08393669128417969,
                    0.20852962136268616,
                    0.0,
                    0.0,
                    0.0,
                    1.0
                ],
                "Components": [],
                "Children": [
                    15078096813573200689,
                    15143881196764971821,
                    15176175347420395065
                ]
            },
            {
                "UID": 15208768518546049470,
                "ParentUID": 14884331909640661226,
                "Name": "RightShoulder",
                "Mobility": 1,
                "LocalTransform": [
                    -0.01767599582672119,
                    -0.21945218741893768,
                    0.9754630923271179,
                    -0.08406879007816315,
                    0.3076164722442627,
                    -0.9294867515563965,
                    -0.20353460311889648,
                    0.029100360348820686,
                    0.951346218585968,
                    0.29647088050842285,
                    0.08393675088882446,
                    0.2083737552165985,
                    0.0,
                    0.0,
                    0.0,
                    1.0
                ],
                "Components": [],
                "Children": [
                    15219234217824270922,
                    15283822519135117409,
                    15319106870197884967
                ]
            },
            {
                "UID": 15374425554111434648,
                "ParentUID": 15365753977654600164,
                "Name": "LeftLeg",
                "Mobility": 1,
                "LocalTransform": [
                    -0.9769046306610107,
                    0.00430644303560257,
                    0.21363228559494019,
                    0.1659204512834549,
                    -0.2074224054813385,
                    -0.2592182159423828,
                    -0.9432824850082397,
                    0.038067083805799484,
                    0.05131518095731735,
                    -0.9658092260360718,
                    0.2541247010231018,
                    0.15226322412490845,
                    0.0,
                    0.0,
                    0.0,
                    1.0
                ],
                "Components": [],
                "Children": [
                    15382200073452542947
                ]
            },
            {
                "UID": 15390273608968915109,
                "ParentUID": 15365753977654600164,
                "Name": "RightLeg",
                "Mobility": 1,
                "LocalTransform": [
                    -0.9765791893005371,
                    0.0043064504861831665,
                    -0.21511507034301758,
                    -0.1686454713344574,
                    0.2066737860441208,
                    -0.2592179775238037,
                    -0.9434468150138855,
                    -0.012364217080175877,
                    -0.059824615716934204,
                    -0.965809166431427,
                    0.25225692987442017,
                    0.1471695601940155,
                    0.0,
                    0.0,
                    0.0,
                    1.0
                ],
                "Components": [],
                "Children": [
                    15398945185425749594
                ]
            },
            {
                "UID": 15454263873634266572,
                "ParentUID": 15445592292882464790,
                "Name": "Tail2",
                "Mobility": 1,
                "LocalTransform": [
                    0.9999895691871643,
                    0.004558384418487549,
                    0.0001582537079229951,
                    -0.022032933309674263,
                    -0.0045583900064229965,
                    0.9999896287918091,
                    0.0000374931150872726,
                    0.10826773196458817,
                    -0.00015808115131221712,
                    -0.00003821410427917726,
                    1.0,
                    0.07460284233093262,
                    0.0,
                    0.0,
                    0.0,
                    1.0
                ],
                "Components": [],
                "Children": [
                    15462337409150638734
                ]
            },
            {
                "UID": 15495528621216755461,
                "ParentUID": 15487455081405416002,
                "Name": "GunBarrelEnd",
                "Mobility": 1,
                "LocalTransform": [
                    5.960464477539063e-8,
                    0.9999999403953552,
                    0.00017338017642032355,
                    2.1316281596346973e-16,
                    -0.9999999403953552,
                    5.960464477539063e-8,
                    0.0,
                    -2.785327408983112e-14,
                    0.0,
                    -0.00017338017642032355,
                    1.0,
                    0.6314010620117188,
                    0.0,
                    0.0,
                    0.0,
                    1.0
                ],
                "Components": [],
                "Children": []
            },
            {
                "UID": 14902871144435254840,
                "ParentUID": 14893302506567726871,
                "Name": "Hat1",
                "Mobility": 1,
                "LocalTransform": [
                    0.9456642866134644,
                    0.24481219053268433,
                    -0.21397678554058075,
                    0.011234806850552559,
                    0.008527643978595734,
                    0.6391963958740234,
                    0.7689962387084961,
                    0.02941390872001648,
                    0.3250328302383423,
                    -0.7290370464324951,
                    0.6023775339126587,
                    0.5480265021324158,
                    0.0,
                    0.0,
                    0.0,
                    1.0
                ],
                "Components": [],
                "Children": [
                    14922307436345574640
                ]
            },
            {
                "UID": 14962675126812337343,
                "ParentUID": 14893302506567726871,
                "Name": "LeftBrow3",
                "Mobility": 1,
                "LocalTransform": [
                    0.696609377861023,
                    0.005814045667648315,
                    0.7174270153045654,
                    0.11806417256593704,
                    0.716030478477478,
                    0.0572507381439209,
                    -0.6957173347473145,
                    -0.14525644481182098,
                    -0.04511815309524536,
                    0.9983428716659546,
                    0.03571838140487671,
                    0.2626665532588959,
                    0.0,
                    0.0,
                    0.0,
                    1.0
                ],
                "Components": [],
                "Children": [
                    14971645723739402989
                ]
            },
            {
                "UID": 14979121222610280126,
                "ParentUID": 14893302506567726871,
                "Name": "LeftBrow2",
                "Mobility": 1,
                "LocalTransform": [
                    0.9165948033332825,
                    0.0639895498752594,
                    0.39466357231140137,
                    0.11806417256593704,
                    0.39948374032974243,
                    -0.1062546968460083,
                    -0.910561740398407,
                    -0.14525644481182098,
                    -0.016331538558006287,
                    0.9922778010368347,
                    -0.122955322265625,
                    0.2626665532588959,
                    0.0,
                    0.0,
                    0.0,
                    1.0
                ],
                "Components": [],
                "Children": [
                    14992577118000878595
                ]
            },
            {
                "UID": 15001547714927944241,
                "ParentUID": 14893302506567726871,
                "Name": "LeftBrow1",
                "Mobility": 1,
                "LocalTransform": [
                    0.9999229907989502,
                    0.0056876447051763535,
                    0.011030450463294983,
                    0.11806417256593704,
                    0.009551508352160454,
                    0.21479803323745728,
                    -0.9766117930412292,
                    -0.14525644481182098,
                    -0.007923940196633339,
                    0.9766419529914856,
                    0.21472716331481934,
                    0.2626665532588959,
                    0.0,
                    0.0,
                    0.0,
                    1.0
                ],
                "Components": [],
                "Children": [
                    15009920275209514862
                ]
            },
            {
                "UID": 15017694790255655863,
                "ParentUID": 14893302506567726871,
                "Name": "RightBrow1",
                "Mobility": 1,
                "LocalTransform": [
                    0.9999474287033081,
                    -0.0056876447051763535,
                    0.008528783917427063,
                    -0.11499738693237305,
                    -0.009551508352160454,
                    -0.2147982120513916,
                    0.9766117334365845,
                    -0.14525650441646576,
                    -0.0037226537242531776,
                    -0.9766418933868408,
                    -0.21484124660491943,
                    0.2640235126018524,
                    0.0,
                    0.0,
                    0.0,
                    1.0
                ],
                "Components": [],
                "Children": [
                    15028160489533877314
                ]
            },
            {
                "UID": 15036234025050249477,
                "ParentUID": 14893302506567726871,
                "Name": "RightBrow2",
                "Mobility": 1,
                "LocalTransform": [
                    0.91672283411026,
                    0.052428215742111206,
                    0.396068811416626,
                    -0.11499738693237305,
                    -0.39948374032974243,
                    0.1062546968460083,
                    0.9105618000030518,
                    -0.14525650441646576,
                    0.005654916167259216,
                    -0.9929558038711548,
                    0.1183503270149231,
                    0.2640235126018524,
                    0.0,
                    0.0,
                    0.0,
                    1.0
                ],
                "Components": [],
                "Children": [
                    15044905605802051259
                ]
            },
            {
                "UID": 15053278161788654582,
                "ParentUID": 14893302506567726871,
                "Name": "RightBrow3",
                "Mobility": 1,
                "LocalTransform": [
                    0.6970876455307007,
                    -0.005814045667648315,
                    0.7169623374938965,
                    -0.11499738693237305,
                    -0.716030478477478,
                    -0.0572507381439209,
                    0.6957173347473145,
                    -0.14525650441646576,
                    0.03700169920921326,
                    -0.9983428716659546,
                    -0.04407179355621338,
                    0.2640235126018524,
                    0.0,
                    0.0,
                    0.0,
                    1.0
                ],
                "Components": [],
                "Children": [
                    15061650717775257906
                ]
            },
            {
                "UID": 15078096813573200689,
                "ParentUID": 15070023278056828526,
                "Name": "LeftUpperArm",
                "Mobility": 1,
                "LocalTransform": [
                    0.3793070912361145,
                    0.8252260088920593,
                    0.41848301887512207,
                    -0.0027035519015043974,
                    0.41159695386886597,
                    0.25458139181137085,
                    -0.8750863671302795,
                    0.00005978210174362175,
                    -0.8286820650100708,
                    0.5041727423667908,
                    -0.2430959939956665,
                    0.15292668342590332,
                    0.0,
                    0.0,
                    0.0,
                    1.0
                ],
                "Components": [],
                "Children": [
                    15085871332914308987
                ]
            },
            {
                "UID": 15143881196764971821,
                "ParentUID": 15070023278056828526,
                "Name": "LeftUpperArm_FK",
                "Mobility": 1,
                "LocalTransform": [
                    0.40701550245285034,
                    0.38671204447746277,
                    0.8275217413902283,
                    -0.0027035519015043974,
                    0.3865438401699066,
                    0.7479172945022583,
                    -0.5396328568458557,
                    0.00005978210174362175,
                    -0.8276003003120422,
                    0.5395123362541199,
                    0.15493273735046387,
                    0.15292668342590332,
                    0.0,
                    0.0,
                    0.0,
                    1.0
                ],
                "Components": [],
                "Children": [
                    15151655716106080119
                ]
            },
            {
                "UID": 15176175347420395065,
                "ParentUID": 15070023278056828526,
                "Name": "LeftUpperArm_IK",
                "Mobility": 1,
                "LocalTransform": [
                    0.3793070912361145,
                    0.8252260088920593,
                    0.41848301887512207,
                    -0.0027035519015043974,
                    0.41159695386886597,
                    0.25458139181137085,
                    -0.8750863671302795,
                    0.00005978210174362175,
                    -0.8286820650100708,
                    0.5041727423667908,
                    -0.2430959939956665,
                    0.15292668342590332,
                    0.0,
                    0.0,
                    0.0,
                    1.0
                ],
                "Components": [],
                "Children": [
                    15184547907701965686
                ]
            },
            {
                "UID": 15219234217824270922,
                "ParentUID": 15208768518546049470,
                "Name": "RightUpperArm",
                "Mobility": 1,
                "LocalTransform": [
                    0.9273875951766968,
                    -0.2467898726463318,
                    0.28115299344062805,
                    0.0031098206527531147,
                    0.3401380777359009,
                    0.24335098266601563,
                    -0.9083426594734192,
                    -0.000007143501079553971,
                    0.15575093030929565,
                    0.9380165934562683,
                    0.3096233606338501,
                    -0.15320268273353577,
                    0.0,
                    0.0,
                    0.0,
                    1.0
                ],
                "Components": [],
                "Children": [
                    15226709712400180762
                ]
            },
            {
                "UID": 15283822519135117409,
                "ParentUID": 15208768518546049470,
                "Name": "RightUpperArm_FK",
                "Mobility": 1,
                "LocalTransform": [
                    0.9995235800743103,
                    -0.0033035047817975283,
                    -0.030687756836414337,
                    0.0031098206527531147,
                    -0.0023480153176933527,
                    0.9832362532615662,
                    -0.1823209822177887,
                    -0.000007143501079553971,
                    0.030775614082813263,
                    0.182306170463562,
                    0.9827600717544556,
                    -0.15320268273353577,
                    0.0,
                    0.0,
                    0.0,
                    1.0
                ],
                "Components": [],
                "Children": [
                    15292793116062183055
                ]
            },
            {
                "UID": 15319106870197884967,
                "ParentUID": 15208768518546049470,
                "Name": "RightUpperArm_IK",
                "Mobility": 1,
                "LocalTransform": [
                    0.9273875951766968,
                    -0.2467898726463318,
                    0.28115299344062805,
                    0.0031098206527531147,
                    0.3401380777359009,
                    0.24335098266601563,
                    -0.9083426594734192,
                    -0.000007143501079553971,
                    0.15575093030929565,
                    0.9380165934562683,
                    0.3096233606338501,
                    -0.15320268273353577,
                    0.0,
                    0.0,
                    0.0,
                    1.0
                ],
                "Components": [],
                "Children": [
                    15340038264459360573
                ]
            },
            {
                "UID": 15382200073452542947,
                "ParentUID": 15374425554111434648,
                "Name": "LeftToe",
                "Mobility": 1,
                "LocalTransform": [
                    -0.9771369695663452,
                    -0.20719337463378906,
                    0.04768840968608856,
                    -5.329070399086743e-17,
                    0.007259055972099304,
                    -0.2566802501678467,
                    -0.9664691090583801,
                    -2.4868995857482625e-16,
                    0.21248666942119598,
                    -0.944026529788971,
                    0.252315878868103,
                    0.12343774735927582,
                    0.0,
                    0.0,
                    0.0,
                    1.0
                ],
                "Components": [],
                "Children": []
            },
            {
                "UID": 15398945185425749594,
                "ParentUID": 15390273608968915109,
                "Name": "RightToe",
                "Mobility": 1,
                "LocalTransform": [
                    -0.9771369695663452,
                    0.20719337463378906,
                    -0.04768840968608856,
                    3.552713599391162e-17,
                    -0.007259055972099304,
                    -0.2566802501678467,
                    -0.9664691090583801,
                    -1.0658140798173486e-16,
                    -0.21248666942119598,
                    -0.944026529788971,
                    0.252315878868103,
                    0.12343774735927582,
                    0.0,
                    0.0,
                    0.0,
                    1.0
                ],
                "Components": [],
                "Children": []
            },
            {
                "UID": 15462337409150638734,
                "ParentUID": 15454263873634266572,
                "Name": "Tail3",
                "Mobility": 1,
                "LocalTransform": [
                    1.0,
                    -2.1566393809680613e-19,
                    2.255748349178529e-20,
                    5.151434580150842e-15,
                    -2.168404344971009e-19,
                    -0.9945744276046753,
                    0.10402803122997284,
                    1.4210854397564648e-16,
                    0.0,
                    -0.10402803122997284,
                    -0.9945744276046753,
                    0.17295822501182556,
                    0.0,
                    0.0,
                    0.0,
                    1.0
                ],
                "Components": [],
                "Children": []
            },
            {
                "UID": 14922307436345574640,
                "ParentUID": 14902871144435254840,
                "Name": "Hat2",
                "Mobility": 1,
                "LocalTransform": [
                    0.6699768304824829,
                    -0.6676878929138184,
                    -0.32453635334968567,
                    -0.06639012694358826,
                    0.7164525985717773,
                    0.4669947624206543,
                    0.5182774662971497,
                    -0.008961755782365799,
                    -0.19449082016944885,
                    -0.579748809337616,
                    0.7912424802780151,
                    0.33840250968933105,
                    0.0,
                    0.0,
                    0.0,
                    1.0
                ],
                "Components": [],
                "Children": [
                    14930380976156914099
                ]
            },
            {
                "UID": 14971645723739402989,
                "ParentUID": 14962675126812337343,
                "Name": "LeftBrow3End",
                "Mobility": 1,
                "LocalTransform": [
                    0.991216778755188,
                    0.06976082175970078,
                    0.11235109716653824,
                    -7.105427198782324e-17,
                    -0.053225599229335785,
                    0.9881486296653748,
                    -0.14397679269313812,
                    -1.4210854397564648e-16,
                    -0.12106352299451828,
                    0.13673226535320282,
                    0.9831825494766235,
                    0.18445375561714172,
                    0.0,
                    0.0,
                    0.0,
                    1.0
                ],
                "Components": [],
                "Children": []
            },
            {
                "UID": 14992577118000878595,
                "ParentUID": 14979121222610280126,
                "Name": "LeftBrow2End",
                "Mobility": 1,
                "LocalTransform": [
                    0.9851308465003967,
                    0.1390659213066101,
                    0.1008855402469635,
                    -0.003431284101679921,
                    -0.1507662832736969,
                    0.9813194870948792,
                    0.1195058673620224,
                    0.0019515125313773751,
                    -0.08238175511360168,
                    -0.13293905556201935,
