{
    "Prefab": {
        "UID": 1649408589844669,
        "Name": "RootNode",
        "GameObjects": [
            {
                "UID": 6004081779953856965,
                "ParentUID": 11105982808783923785,
                "Name": "RootNode",
                "Mobility": 1,
                "PrefabUID": 1649408589844669,
                "LocalTransform": [
                    1.0,
                    0.0,
                    0.0,
                    -4.141159534454346,
                    0.0,
                    1.0,
                    0.0,
                    0.0,
                    0.0,
                    0.0,
                    1.0,
                    0.0,
                    0.0,
                    0.0,
                    0.0,
                    1.0
                ],
                "Components": [],
                "Children": [
                    6044449470420619668,
                    6058503406751680459,
                    6069866163145628097,
                    6214890820624801533,
                    6348851746475225790
                ]
            },
            {
                "UID": 6044449470420619668,
                "ParentUID": 6004081779953856965,
                "Name": "Zombunny",
                "Mobility": 1,
                "LocalTransform": [
                    1.0,
                    0.0,
                    0.0,
                    0.0,
                    0.0,
                    1.0,
                    0.0,
                    0.0,
                    0.0,
                    0.0,
                    1.0,
                    0.0,
                    0.0,
                    0.0,
                    0.0,
                    1.0
                ],
                "Components": [],
                "Children": [
                    6432876343991359375,
                    6452611656371910336
                ]
            },
            {
                "UID": 6058503406751680459,
                "ParentUID": 6004081779953856965,
                "Name": "Ctrl_Grp",
                "Mobility": 1,
                "LocalTransform": [
                    1.0,
                    0.0,
                    0.0,
                    0.0,
                    0.0,
                    1.0,
                    0.0,
                    0.0,
                    0.0,
                    0.0,
                    1.0,
                    0.0,
                    0.0,
                    0.0,
                    0.0,
                    1.0
                ],
                "Components": [],
                "Children": [
                    6468758731699621958
                ]
            },
            {
                "UID": 6069866163145628097,
                "ParentUID": 6004081779953856965,
                "Name": "new Game Object",
                "Mobility": 1,
                "LocalTransform": [
                    1.0,
                    0.0,
                    0.0,
                    0.0,
                    0.0,
                    1.0,
                    0.0,
                    2.188838005065918,
                    0.0,
                    0.0,
                    1.0,
                    0.0,
                    0.0,
                    0.0,
                    0.0,
                    1.0
                ],
                "Components": [
                    {
                        "UID": 1414016676,
                        "ParentUID": 6069866163145628097,
                        "Type": 3,
                        "Enabled": true,
                        "Name": "Spot Light",
                        "Intensity": 100.0,
                        "ColorRed": 1.0,
                        "ColorGreen": 1.0,
                        "ColorBlue": 1.0,
                        "DrawGizmos": true,
                        "Range": 3.0,
                        "InnerAngle": 25.81999969482422,
                        "OuterAngle": 30.983999252319336
                    }
                ],
                "Children": []
            },
            {
                "UID": 6214890820624801533,
                "ParentUID": 6004081779953856965,
                "Name": "new Game Object",
                "Mobility": 1,
                "LocalTransform": [
                    1.0,
                    0.0,
                    0.0,
                    0.0,
                    0.0,
                    1.0,
                    0.0,
                    0.7480140328407288,
                    0.0,
                    0.0,
                    1.0,
                    0.7146214246749878,
                    0.0,
                    0.0,
                    0.0,
                    1.0
                ],
                "Components": [
                    {
                        "UID": 1447573998,
                        "ParentUID": 6214890820624801533,
                        "Type": 2,
                        "Enabled": true,
                        "Name": "Point Light",
                        "Intensity": 100.0,
                        "ColorRed": 0.0,
                        "ColorGreen": 1.0,
                        "ColorBlue": 1.0,
                        "DrawGizmos": true,
                        "Range": 2.4179999828338623,
                        "GizmosMode": 0
                    }
                ],
                "Children": []
            },
            {
                "UID": 6348851746475225790,
                "ParentUID": 6004081779953856965,
                "Name": "new Game Object",
                "Mobility": 1,
                "LocalTransform": [
                    1.0000003576278687,
                    0.0,
                    0.0,
                    0.0,
                    0.0,
                    1.0,
                    0.0,
                    0.0,
                    0.0,
                    0.0,
                    1.0000003576278687,
                    0.0,
                    0.0,
                    0.0,
                    0.0,
                    1.0
                ],
                "Components": [
                    {
                        "UID": 1478833827,
                        "ParentUID": 6348851746475225790,
                        "Type": 5,
                        "Enabled": true,
                        "Name": "Camera",
                        "MainCamera": true,
                        "DrawGizmos": true,
                        "CameraType": 1,
                        "CameraPosition": [
                            -4.141159534454346,
                            0.0,
                            0.0
                        ],
                        "CameraFront": [
                            -0.0,
                            -0.0,
                            -1.0
                        ],
                        "CameraUp": [
                            0.0,
                            1.0,
                            0.0
                        ],
                        "CameraNearPlane": 21.170000076293945,
                        "CameraFarPlane": 42.5,
                        "CameraOrtographicWidth": 1.399999976158142,
                        "CameraOrtographicHeight": 0.9917942881584167
                    }
                ],
                "Children": []
            },
            {
                "UID": 6432876343991359375,
                "ParentUID": 6044449470420619668,
                "Name": "Mesh 1",
                "Mobility": 1,
                "LocalTransform": [
                    1.0,
                    0.0,
                    0.0,
                    0.0,
                    0.0,
                    1.0,
                    0.0,
                    0.0,
                    0.0,
                    0.0,
                    1.0,
                    0.0,
                    0.0,
                    0.0,
                    0.0,
                    1.0
                ],
                "Components": [
                    {
                        "UID": 1498118844,
                        "ParentUID": 6432876343991359375,
                        "Type": 1,
                        "Enabled": true,
                        "Name": "Mesh",
                        "Mesh": 1138534925385457,
                        "Material": 1349919498992507
                    }
                ],
                "Children": []
            },
            {
                "UID": 6452611656371910336,
                "ParentUID": 6044449470420619668,
                "Name": "Mesh 2",
                "Mobility": 1,
                "LocalTransform": [
                    1.0,
                    0.0,
                    0.0,
                    0.0,
                    0.0,
                    1.0,
                    0.0,
                    0.0,
                    0.0,
                    0.0,
                    1.0,
                    0.0,
                    0.0,
                    0.0,
                    0.0,
                    1.0
                ],
                "Components": [
                    {
                        "UID": 1502783451,
                        "ParentUID": 6452611656371910336,
                        "Type": 1,
                        "Enabled": true,
                        "Name": "Mesh",
                        "Mesh": 1111476715470692,
                        "Material": 1315746832530904
                    }
                ],
                "Children": []
            },
            {
                "UID": 6468758731699621958,
                "ParentUID": 6058503406751680459,
                "Name": "Root",
                "Mobility": 1,
                "LocalTransform": [
                    5.960464477539063e-8,
                    -0.9999999403953552,
                    0.0,
                    0.0,
                    0.9999999403953552,
                    5.960464477539063e-8,
                    0.0,
                    0.0,
                    0.0,
                    0.0,
                    1.0,
                    0.0,
                    0.0,
                    0.0,
                    0.0,
                    1.0
                ],
                "Components": [],
                "Children": [
                    6479523451448074571
                ]
            },
            {
                "UID": 6479523451448074571,
                "ParentUID": 6468758731699621958,
                "Name": "Hips",
                "Mobility": 1,
                "LocalTransform": [
                    0.08235752582550049,
                    -0.03420817852020264,
                    0.9960155487060547,
                    0.2909983694553375,
                    -0.996405839920044,
                    -0.0226975679397583,
                    0.08161023259162903,
                    0.0027264284435659647,
                    0.019815444946289063,
                    -0.9991569519042969,
                    -0.03595459461212158,
                    0.0002082364517264068,
                    0.0,
                    0.0,
                    0.0,
                    1.0
                ],
                "Components": [],
                "Children": [
                    6491484248782484531,
                    6502547984706201008,
                    6513611720629917485
                ]
            },
            {
                "UID": 6491484248782484531,
                "ParentUID": 6479523451448074571,
                "Name": "Spine",
                "Mobility": 1,
                "LocalTransform": [
                    0.9736145734786987,
                    -0.02847176045179367,
                    -0.22641563415527344,
                    0.0002581339213065803,
                    -0.013177085667848587,
                    0.9835160374641418,
                    -0.18034015595912933,
                    -0.00005960099588264711,
                    0.22781801223754883,
                    0.17856530845165253,
                    0.9571903347969055,
                    0.19401027262210846,
                    0.0,
                    0.0,
                    0.0,
                    1.0
                ],
                "Components": [],
                "Children": [
                    6524675456553633961,
                    6535440176302086574,
                    6545008814169614542,
                    6555474509152868697,
                    6565641187960858987,
                    6576106882944113141,
                    6586273561752103432
                ]
            },
            {
                "UID": 6502547984706201008,
                "ParentUID": 6479523451448074571,
                "Name": "LeftLeg",
                "Mobility": 1,
                "LocalTransform": [
                    0.9998040199279785,
                    -9.364822734623146e-18,
                    0.019798098132014275,
                    0.15488280355930328,
                    -6.938893903907228e-18,
                    -1.0,
                    -1.226020766495394e-16,
                    -0.12964345514774323,
                    0.019798098132014275,
                    1.2244066393352825e-16,
                    -0.9998040199279785,
                    0.00019751557556446642,
                    0.0,
                    0.0,
                    0.0,
                    1.0
                ],
                "Components": [],
                "Children": [
                    6597636318146051070
                ]
            },
            {
                "UID": 6513611720629917485,
                "ParentUID": 6479523451448074571,
                "Name": "RightLeg",
                "Mobility": 1,
                "LocalTransform": [
                    0.9998040199279785,
                    3.607531106739235e-18,
                    0.019798098132014275,
                    -0.1548829972743988,
                    -3.4694473655439205e-18,
                    1.0,
                    -7.00895610179047e-18,
                    -0.12964299321174622,
                    -0.019798098132014275,
                    6.938893903907228e-18,
                    0.9998040199279785,
                    0.0001973873731913045,
                    0.0,
                    0.0,
                    0.0,
                    1.0
                ],
                "Components": [],
                "Children": [
                    6607503976483810199
                ]
            },
            {
                "UID": 6524675456553633961,
                "ParentUID": 6491484248782484531,
                "Name": "Head",
                "Mobility": 1,
                "LocalTransform": [
                    0.990496814250946,
                    0.08263042569160461,
                    0.10994669049978256,
                    7.105427198782324e-17,
                    -0.054260510951280594,
                    0.96933513879776,
                    -0.23967716097831726,
                    8.881783998477905e-18,
                    -0.1263798177242279,
                    0.2314336895942688,
                    0.9646069407463074,
                    0.23028619587421417,
                    0.0,
                    0.0,
                    0.0,
                    1.0
                ],
                "Components": [],
                "Children": [
                    6617371630526602031,
                    6626342231748634974,
                    6636209885791426806
                ]
            },
            {
                "UID": 6535440176302086574,
                "ParentUID": 6491484248782484531,
                "Name": "LeftUpperArm",
                "Mobility": 1,
                "LocalTransform": [
                    -0.10497522354125977,
                    0.884840190410614,
                    0.45391422510147095,
                    0.17286542057991028,
                    0.09591269493103027,
                    0.46331650018692017,
                    -0.880987286567688,
                    0.06917708367109299,
                    -0.9898388981819153,
                    -0.04894563555717468,
                    -0.13350415229797363,
                    0.1919027417898178,
                    0.0,
                    0.0,
                    0.0,
                    1.0
                ],
                "Components": [],
                "Children": [
                    6647572642185374444
                ]
            },
            {
                "UID": 6545008814169614542,
                "ParentUID": 6491484248782484531,
                "Name": "LeftUpperArmFK",
                "Mobility": 1,
                "LocalTransform": [
                    -0.10497522354125977,
                    0.884840190410614,
                    0.45391422510147095,
                    0.17286542057991028,
                    0.09591269493103027,
                    0.46331650018692017,
                    -0.880987286567688,
                    0.06917708367109299,
                    -0.9898388981819153,
                    -0.04894563555717468,
                    -0.13350415229797363,
                    0.1919027417898178,
                    0.0,
                    0.0,
                    0.0,
                    1.0
                ],
                "Components": [],
                "Children": [
                    6663719721808053363
                ]
            },
            {
                "UID": 6555474509152868697,
                "ParentUID": 6491484248782484531,
                "Name": "LeftUpperArmIK",
                "Mobility": 1,
                "LocalTransform": [
                    0.5943189859390259,
                    -0.016260763630270958,
                    0.8040649890899658,
                    0.17286542057991028,
                    0.0037804883904755116,
                    -0.9997279644012451,
                    -0.023012015968561172,
                    0.06917708367109299,
                    0.8042205572128296,
                    0.016716234385967255,
                    -0.5940958261489868,
                    0.1919027417898178,
                    0.0,
                    0.0,
                    0.0,
                    1.0
                ],
                "Components": [],
                "Children": [
                    6674185416791307518
                ]
            },
            {
                "UID": 6565641187960858987,
                "ParentUID": 6491484248782484531,
                "Name": "RightUpperArm",
                "Mobility": 1,
                "LocalTransform": [
                    -0.20239877700805664,
                    0.9083868861198425,
                    0.3658798038959503,
                    -0.17286500334739685,
                    0.0006553530693054199,
                    -0.3734867572784424,
                    0.9276353120803833,
                    0.06917709857225418,
                    0.9793030023574829,
                    0.18799197673797607,
                    0.0749979019165039,
                    0.19190272688865662,
                    0.0,
                    0.0,
                    0.0,
                    1.0
                ],
                "Components": [],
                "Children": [
                    6684352095599297808
                ]
            },
            {
                "UID": 6576106882944113141,
                "ParentUID": 6491484248782484531,
                "Name": "RightUpperArmFK",
                "Mobility": 1,
                "LocalTransform": [
                    -0.20239877700805664,
                    0.9083868861198425,
                    0.3658798038959503,
                    -0.17286500334739685,
                    0.0006553530693054199,
                    -0.3734867572784424,
                    0.9276353120803833,
                    0.06917709857225418,
                    0.9793030023574829,
                    0.18799197673797607,
                    0.0749979019165039,
                    0.19190272688865662,
                    0.0,
                    0.0,
                    0.0,
                    1.0
                ],
                "Components": [],
                "Children": [
                    6711263886380494746
                ]
            },
            {
                "UID": 6586273561752103432,
                "ParentUID": 6491484248782484531,
                "Name": "RightUpperArmIK",
                "Mobility": 1,
                "LocalTransform": [
                    0.37511032819747925,
                    0.03617744520306587,
                    0.9262739419937134,
                    -0.17286500334739685,
                    0.028101976960897446,
                    0.998335063457489,
                    -0.050372302532196045,
                    0.06917709857225418,
                    -0.9265540838241577,
                    0.044925302267074585,
                    0.37346911430358887,
                    0.19190272688865662,
                    0.0,
                    0.0,
                    0.0,
                    1.0
                ],
                "Components": [],
                "Children": [
                    6771067868757577249
                ]
            },
            {
                "UID": 6597636318146051070,
                "ParentUID": 6502547984706201008,
                "Name": "LeftFoot",
                "Mobility": 1,
                "LocalTransform": [
                    0.9998040199279785,
                    0.017338348552584648,
                    -0.009557528421282768,
                    0.048644665628671646,
                    0.0,
                    0.4827498197555542,
                    0.8757582902908325,
                    0.07756918668746948,
                    0.019798098132014275,
                    -0.8755866289138794,
                    0.4826551675796509,
                    0.12021666020154953,
                    0.0,
                    0.0,
                    0.0,
                    1.0
                ],
                "Components": [],
                "Children": []
            },
            {
                "UID": 6607503976483810199,
                "ParentUID": 6513611720629917485,
                "Name": "RightFoot",
                "Mobility": 1,
                "LocalTransform": [
                    0.9998040199279785,
                    0.017338348552584648,
                    -0.009557528421282768,
                    -0.00982758030295372,
                    0.0,
                    0.4827498197555542,
                    0.8757582902908325,
                    0.09173905849456787,
                    0.019798098132014275,
                    -0.8755866289138794,
                    0.4826551675796509,
                    -0.24033106863498688,
                    0.0,
                    0.0,
                    0.0,
                    1.0
                ],
                "Components": [],
                "Children": []
            },
            {
                "UID": 6617371630526602031,
                "ParentUID": 6524675456553633961,
                "Name": "HeadEnd",
                "Mobility": 1,
                "LocalTransform": [
                    1.0,
                    0.0,
                    0.0,
                    1.376676561123106e-16,
                    0.0,
                    1.0,
                    0.0,
                    -3.552713599391162e-17,
                    0.0,
                    0.0,
                    1.0,
                    0.36048606038093567,
                    0.0,
                    0.0,
                    0.0,
                    1.0
                ],
                "Components": [],
                "Children": []
            },
            {
                "UID": 6626342231748634974,
                "ParentUID": 6524675456553633961,
                "Name": "LeftEar",
                "Mobility": 1,
                "LocalTransform": [
                    0.5738646388053894,
                    -0.18254461884498596,
                    0.7983463406562805,
                    0.33966490626335144,
                    -0.05328433960676193,
                    0.964452862739563,
                    0.2588270902633667,
                    0.06945112347602844,
                    -0.8172149062156677,
                    -0.1910710632801056,
                    0.543738603591919,
                    0.40904220938682556,
                    0.0,
                    0.0,
                    0.0,
                    1.0
                ],
                "Components": [],
                "Children": [
                    6889180739750521045
                ]
            },
            {
                "UID": 6636209885791426806,
                "ParentUID": 6524675456553633961,
                "Name": "RightEar",
                "Mobility": 1,
                "LocalTransform": [
                    0.8211361765861511,
                    -0.14109382033348083,
                    0.5530170798301697,
                    -0.3396649956703186,
                    0.013818442821502686,
                    -0.9637616872787476,
                    -0.2664070129394531,
                    0.06945109367370605,
                    0.5705650448799133,
                    0.2263982743024826,
                    -0.7894299030303955,
                    0.4090425372123718,
                    0.0,
                    0.0,
                    0.0,
                    1.0
                ],
                "Components": [],
                "Children": [
                    6911009191127722837
                ]
            },
            {
                "UID": 6647572642185374444,
                "ParentUID": 6535440176302086574,
                "Name": "LeftLowerArm",
                "Mobility": 1,
                "LocalTransform": [
                    0.9981038570404053,
                    0.016097696498036385,
                    -0.059410035610198975,
                    0.0,
                    -0.017469407990574837,
                    0.9995909929275513,
                    -0.022642144933342934,
                    0.0,
                    0.059021249413490295,
                    0.023637069389224052,
                    0.9979768395423889,
                    0.2511610686779022,
                    0.0,
                    0.0,
                    0.0,
                    1.0
                ],
                "Components": [],
                "Children": [
                    6922670967991901636
                ]
            },
            {
                "UID": 6663719721808053363,
                "ParentUID": 6545008814169614542,
                "Name": "LeftLowerArmFK",
                "Mobility": 1,
                "LocalTransform": [
                    0.9981038570404053,
                    0.016097696498036385,
                    -0.059410035610198975,
                    -1.4210854397564648e-16,
                    -0.017469407990574837,
                    0.9995909929275513,
                    -0.022642144933342934,
                    3.552713599391162e-17,
                    0.059021249413490295,
                    0.023637069389224052,
                    0.9979768395423889,
                    0.2511610686779022,
                    0.0,
                    0.0,
                    0.0,
                    1.0
                ],
                "Components": [],
                "Children": [
                    6933136667270123088
                ]
            },
            {
                "UID": 6674185416791307518,
                "ParentUID": 6555474509152868697,
                "Name": "LeftLowerArmIK",
                "Mobility": 1,
                "LocalTransform": [
                    1.0,
                    0.0,
                    0.0,
                    1.4210854397564648e-16,
                    0.0,
                    1.0,
                    0.0,
                    -3.552713599391162e-17,
                    0.0,
                    0.0,
                    1.0,
                    0.2511610686779022,
                    0.0,
                    0.0,
                    0.0,
                    1.0
                ],
                "Components": [],
                "Children": [
                    6943303341783146081
                ]
            },
            {
                "UID": 6684352095599297808,
                "ParentUID": 6565641187960858987,
                "Name": "RightLowerArm",
                "Mobility": 1,
                "LocalTransform": [
                    0.9976502060890198,
                    -0.015034640207886696,
                    0.06684313714504242,
                    -1.4210854397564648e-16,
                    0.012386690825223923,
                    0.9991287589073181,
                    0.03985383361577988,
                    -3.552713599391162e-17,
                    -0.06738409399986267,
                    -0.03893221914768219,
                    0.9969672560691833,
                    -0.25116100907325745,
                    0.0,
                    0.0,
                    0.0,
                    1.0
                ],
                "Components": [],
                "Children": [
                    6953769041061367533
                ]
            },
            {
                "UID": 6711263886380494746,
                "ParentUID": 6576106882944113141,
                "Name": "RightLowerArmFK",
                "Mobility": 1,
                "LocalTransform": [
                    0.9976502060890198,
                    -0.015034640207886696,
                    0.06684313714504242,
                    -2.8421708795129297e-16,
                    0.012386690825223923,
                    0.9991287589073181,
                    0.03985383361577988,
                    -5.773159516292577e-17,
                    -0.06738409399986267,
                    -0.03893221914768219,
                    0.9969672560691833,
                    -0.25116100907325745,
                    0.0,
                    0.0,
                    0.0,
                    1.0
                ],
                "Components": [],
                "Children": [
                    6964533756514852848
                ]
            },
            {
                "UID": 6771067868757577249,
                "ParentUID": 6586273561752103432,
                "Name": "RightLowerArmIK",
                "Mobility": 1,
                "LocalTransform": [
                    0.5286387205123901,
                    -8.668426084356903e-14,
                    0.8488469123840332,
                    -2.1316281596346973e-16,
                    0.0,
                    1.0,
                    1.0212001329192727e-13,
                    -3.552713599391162e-17,
                    -0.8488469123840332,
                    -5.3984594572398237e-14,
                    0.5286387205123901,
                    -0.25116100907325745,
                    0.0,
                    0.0,
                    0.0,
                    1.0
                ],
                "Components": [],
                "Children": [
                    6974401414852611978
                ]
            },
            {
                "UID": 6889180739750521045,
                "ParentUID": 6626342231748634974,
                "Name": "LeftEarEnd",
                "Mobility": 1,
                "LocalTransform": [
                    1.0,
                    0.0,
                    0.0,
                    -1.4210854397564648e-16,
                    0.0,
                    1.0,
                    0.0,
                    2.4868995857482625e-16,
                    0.0,
                    0.0,
                    1.0,
                    0.21373941004276276,
                    0.0,
                    0.0,
                    0.0,
                    1.0
                ],
                "Components": [],
                "Children": []
            },
            {
                "UID": 6911009191127722837,
                "ParentUID": 6636209885791426806,
                "Name": "RightEarEnd",
                "Mobility": 1,
                "LocalTransform": [
                    1.0,
                    0.0,
                    0.0,
                    -8.285292665277666e-7,
                    0.0,
                    1.0,
                    0.0,
                    -9.097042408257039e-8,
                    0.0,
                    0.0,
                    1.0,
                    -0.2137383073568344,
                    0.0,
                    0.0,
                    0.0,
                    1.0
                ],
                "Components": [],
                "Children": []
            },
            {
                "UID": 6922670967991901636,
                "ParentUID": 6647572642185374444,
                "Name": "LeftWrist",
                "Mobility": 1,
                "LocalTransform": [
                    0.9995995759963989,
                    4.007864437492545e-17,
                    -0.028296370059251785,
                    2.8421708795129297e-16,
                    -4.163336011472092e-17,
                    1.0,
                    -5.435484207041485e-17,
                    0.0,
                    0.028296370059251785,
                    5.5511147922535377e-17,
                    0.9995995759963989,
                    0.23802845180034637,
                    0.0,
                    0.0,
                    0.0,
                    1.0
                ],
                "Components": [],
                "Children": []
            },
            {
                "UID": 6933136667270123088,
                "ParentUID": 6663719721808053363,
                "Name": "LeftWristFK",
                "Mobility": 1,
                "LocalTransform": [
                    0.9995995759963989,
                    4.3221431085536976e-17,
                    -0.028296370059251785,
                    2.8421708795129297e-16,
                    -4.163336342344337e-17,
                    1.0,
                    5.67119329305541e-17,
                    -7.105427198782324e-17,
                    0.028296370059251785,
                    -5.5511147922535377e-17,
                    0.9995995759963989,
                    0.23802845180034637,
                    0.0,
                    0.0,
                    0.0,
                    1.0
                ],
                "Components": [],
                "Children": []
            },
            {
                "UID": 6943303341783146081,
                "ParentUID": 6674185416791307518,
                "Name": "LeftWristIK",
                "Mobility": 1,
                "LocalTransform": [
                    -0.9400064945220947,
                    -0.12430647760629654,
                    0.31770339608192444,
                    4.2632563192693945e-16,
                    0.131098672747612,
                    -0.9913692474365234,
                    -2.7939677238464355e-8,
                    0.0,
                    0.31496140360832214,
                    0.041650474071502686,
                    0.9481901526451111,
                    0.23802845180034637,
                    0.0,
                    0.0,
                    0.0,
                    1.0
                ],
                "Components": [],
                "Children": []
            },
            {
                "UID": 6953769041061367533,
                "ParentUID": 6684352095599297808,
                "Name": "RightWrist",
                "Mobility": 1,
                "LocalTransform": [
                    1.0,
                    0.0,
                    0.0,
                    -1.4210854397564648e-16,
                    0.0,
                    1.0,
                    0.0,
                    -9.769962563761818e-17,
                    0.0,
                    0.0,
                    1.0,
                    -0.23802900314331055,
                    0.0,
                    0.0,
                    0.0,
                    1.0
                ],
                "Components": [],
                "Children": []
            },
            {
                "UID": 6964533756514852848,
                "ParentUID": 6711263886380494746,
                "Name": "RightWristFK",
                "Mobility": 1,
                "LocalTransform": [
                    1.0,
                    0.0,
                    0.0,
                    -1.4210854397564648e-16,
                    0.0,
                    1.0,
                    0.0,
                    -3.552713599391162e-17,
                    0.0,
                    0.0,
                    1.0,
                    -0.23802900314331055,
                    0.0,
                    0.0,
                    0.0,
                    1.0
                ],
                "Components": [],
                "Children": []
            },
            {
                "UID": 6974401414852611978,
                "ParentUID": 6771067868757577249,
                "Name": "RightWristIK",
                "Mobility": 1,
                "LocalTransform": [
                    -0.931799054145813,
                    -0.18528158962726593,
                    -0.31212422251701355,
                    -1.4210854397564648e-16,
                    0.195024773478508,
                    -0.9807983636856079,
                    -1.862645149230957e-8,
                    -3.552713599391162e-17,
                    -0.30613091588020325,
                    -0.06087197735905647,
                    0.9500412940979004,
                    -0.23802900314331055,
                    0.0,
                    0.0,
                    0.0,
                    1.0
                ],
                "Components": [],
                "Children": []
            }
        ]
    }
}