{
    "Prefab": {
        "UID": 1649408589844669,
        "Name": "RootNode",
        "GameObjects": [
            {
                "UID": 18313483595364801712,
                "ParentUID": 11099898712892878405,
                "Name": "RootNode",
                "Mobility": 1,
                "PrefabUID": 1649408589844669,
                "LocalTransform": [
                    1.0,
                    0.0,
                    0.0,
                    0.0,
                    0.0,
                    1.0,
                    0.0,
                    0.0,
                    0.0,
                    0.0,
                    1.0,
                    0.0,
                    0.0,
                    0.0,
                    0.0,
                    1.0
                ],
                "Components": [],
                "Children": [
                    18334414989626277318,
                    18344581668434267608,
                    18354748347242257898,
                    346666487317963609,
                    17574404612017485140
                ]
            },
            {
                "UID": 18334414989626277318,
                "ParentUID": 18313483595364801712,
                "Name": "Zombunny",
                "Mobility": 1,
                "LocalTransform": [
                    1.0,
                    0.0,
                    0.0,
                    0.0,
                    0.0,
                    1.0,
                    0.0,
                    0.0,
                    0.0,
                    0.0,
                    1.0,
                    0.0,
                    0.0,
                    0.0,
                    0.0,
                    1.0
                ],
                "Components": [],
                "Children": [
                    478235253701505873,
                    494681345204481359
                ]
            },
            {
                "UID": 18344581668434267608,
                "ParentUID": 18313483595364801712,
                "Name": "Ctrl_Grp",
                "Mobility": 1,
                "LocalTransform": [
                    1.0,
                    0.0,
                    0.0,
                    0.0,
                    0.0,
                    1.0,
                    0.0,
                    0.0,
                    0.0,
                    0.0,
                    1.0,
                    0.0,
                    0.0,
                    0.0,
                    0.0,
                    1.0
                ],
                "Components": [],
                "Children": [
                    510529404356929117
                ]
            },
            {
                "UID": 18354748347242257898,
                "ParentUID": 18313483595364801712,
                "Name": "new Game Object",
                "Mobility": 1,
                "LocalTransform": [
                    1.0,
                    0.0,
                    0.0,
                    0.0,
                    0.0,
                    1.0,
                    0.0,
                    2.188838005065918,
                    0.0,
                    0.0,
                    1.0,
                    0.0,
                    0.0,
                    0.0,
                    0.0,
                    1.0
                ],
                "Components": [
                    {
                        "UID": 4274035218,
                        "ParentUID": 18354748347242257898,
                        "Type": 3,
                        "Enabled": true,
                        "Name": "Spot Light",
                        "Intensity": 100.0,
                        "ColorRed": 1.0,
                        "ColorGreen": 1.0,
                        "ColorBlue": 1.0,
                        "DrawGizmos": true,
                        "Range": 3.0,
                        "InnerAngle": 25.81999969482422,
                        "OuterAngle": 30.983999252319336
                    }
                ],
                "Children": []
            },
            {
                "UID": 346666487317963609,
                "ParentUID": 18313483595364801712,
                "Name": "new Game Object",
                "Mobility": 1,
                "LocalTransform": [
                    1.0,
                    0.0,
                    0.0,
                    0.0,
                    0.0,
                    1.0,
                    0.0,
                    0.7480140328407288,
                    0.0,
                    0.0,
                    1.0,
                    0.7146214246749878,
                    0.0,
                    0.0,
                    0.0,
                    1.0
                ],
                "Components": [
                    {
                        "UID": 81132307,
                        "ParentUID": 346666487317963609,
                        "Type": 2,
                        "Enabled": true,
                        "Name": "Point Light",
                        "Intensity": 100.0,
                        "ColorRed": 0.0,
                        "ColorGreen": 1.0,
                        "ColorBlue": 1.0,
                        "DrawGizmos": true,
                        "Range": 2.4179999828338623,
                        "GizmosMode": 0
                    }
                ],
                "Children": []
            },
            {
                "UID": 17574404612017485140,
                "ParentUID": 18313483595364801712,
                "Name": "new Game Object",
                "Mobility": 1,
                "LocalTransform": [
                    0.008824891410768032,
                    0.0,
                    -0.9999614357948303,
                    0.0,
                    0.0,
                    1.0,
                    0.0,
                    0.0,
                    0.9999614357948303,
                    0.0,
                    0.008824891410768032,
                    0.0,
                    0.0,
                    0.0,
                    0.0,
                    1.0
                ],
                "Components": [
                    {
                        "UID": 1039380796,
                        "ParentUID": 17574404612017485140,
                        "Type": 5,
                        "Enabled": true,
                        "Name": "Camera",
                        "MainCamera": true,
                        "DrawGizmos": true,
                        "CameraType": 0,
                        "CameraPosition": [
                            0.0,
                            0.0,
                            0.0
                        ],
                        "CameraFront": [
                            0.9999610781669617,
                            -0.0,
                            -0.008824888616800308
                        ],
                        "CameraUp": [
                            0.0,
                            1.0,
                            0.0
                        ],
                        "CameraNearPlane": 0.10000000149011612,
                        "CameraFarPlane": 50.0,
                        "CameraHFOV": 1.5707963705062866,
                        "CameraVFOV": 1.2327152490615845
                    }
                ],
                "Children": []
            },
            {
                "UID": 478235253701505873,
                "ParentUID": 18334414989626277318,
                "Name": "Mesh 1",
                "Mobility": 1,
                "LocalTransform": [
                    1.0,
                    0.0,
                    0.0,
                    0.0,
                    0.0,
                    1.0,
                    0.0,
                    0.0,
                    0.0,
                    0.0,
                    1.0,
                    0.0,
                    0.0,
                    0.0,
                    0.0,
                    1.0
                ],
                "Components": [
                    {
                        "UID": 111695926,
                        "ParentUID": 478235253701505873,
                        "Type": 1,
                        "Enabled": true,
                        "Name": "Mesh",
                        "Mesh": 1138534925385457,
                        "Material": 1349919498992507
                    }
                ],
                "Children": []
            },
            {
                "UID": 494681345204481359,
                "ParentUID": 18334414989626277318,
                "Name": "Mesh 2",
                "Mobility": 1,
                "LocalTransform": [
                    1.0,
                    0.0,
                    0.0,
                    0.0,
                    0.0,
                    1.0,
                    0.0,
                    0.0,
                    0.0,
                    0.0,
                    1.0,
                    0.0,
                    0.0,
                    0.0,
                    0.0,
                    1.0
                ],
                "Components": [
                    {
                        "UID": 115525081,
                        "ParentUID": 494681345204481359,
                        "Type": 1,
                        "Enabled": true,
                        "Name": "Mesh",
                        "Mesh": 1111476715470692,
                        "Material": 1315746832530904
                    }
                ],
                "Children": []
            },
            {
                "UID": 510529404356929117,
                "ParentUID": 18344581668434267608,
                "Name": "Root",
                "Mobility": 1,
                "LocalTransform": [
                    5.960464477539063e-8,
                    -0.9999999403953552,
                    0.0,
                    0.0,
                    0.9999999403953552,
                    5.960464477539063e-8,
                    0.0,
                    0.0,
                    0.0,
                    0.0,
                    1.0,
                    0.0,
                    0.0,
                    0.0,
                    0.0,
                    1.0
                ],
                "Components": [],
                "Children": [
                    531161778148173562
                ]
            },
            {
                "UID": 531161778148173562,
                "ParentUID": 510529404356929117,
                "Name": "Hips",
                "Mobility": 1,
                "LocalTransform": [
                    0.08235752582550049,
                    -0.03420817852020264,
                    0.9960155487060547,
                    0.2909983694553375,
                    -0.996405839920044,
                    -0.0226975679397583,
                    0.08161023259162903,
                    0.0027264284435659647,
                    0.019815444946289063,
                    -0.9991569519042969,
                    -0.03595459461212158,
                    0.0002082364517264068,
                    0.0,
                    0.0,
                    0.0,
                    1.0
                ],
                "Components": [],
                "Children": [
                    542225514071890039,
                    553289249995606516,
                    562558867392903323
                ]
            },
            {
                "UID": 542225514071890039,
                "ParentUID": 531161778148173562,
                "Name": "Spine",
                "Mobility": 1,
                "LocalTransform": [
                    0.9736145734786987,
                    -0.02847176045179367,
                    -0.22641563415527344,
                    0.0002581339213065803,
                    -0.013177085667848587,
                    0.9835160374641418,
                    -0.18034015595912933,
                    -0.00005960099588264711,
                    0.22781801223754883,
                    0.17856530845165253,
                    0.9571903347969055,
                    0.19401027262210846,
                    0.0,
                    0.0,
                    0.0,
                    1.0
                ],
                "Components": [],
                "Children": [
                    571828484790200130,
                    580799081717265775,
                    590965760525256066,
                    600235377922552873,
                    609205974849618519,
                    619372653657608809,
                    628343250584674455
                ]
            },
            {
                "UID": 553289249995606516,
                "ParentUID": 531161778148173562,
                "Name": "LeftLeg",
                "Mobility": 1,
                "LocalTransform": [
                    0.9998040199279785,
                    -9.364822734623146e-18,
                    0.019798098132014275,
                    0.15488280355930328,
                    -6.938893903907228e-18,
                    -1.0,
                    -1.226020766495394e-16,
                    -0.12964345514774323,
                    0.019798098132014275,
                    1.2244066393352825e-16,
                    -0.9998040199279785,
                    0.00019751557556446642,
                    0.0,
                    0.0,
                    0.0,
                    1.0
                ],
                "Components": [],
                "Children": [
                    638210908922433584
                ]
            },
            {
                "UID": 562558867392903323,
                "ParentUID": 531161778148173562,
                "Name": "RightLeg",
                "Mobility": 1,
                "LocalTransform": [
                    0.9998040199279785,
                    3.607531106739235e-18,
                    0.019798098132014275,
                    -0.1548829972743988,
                    -3.4694473655439205e-18,
                    1.0,
                    -7.00895610179047e-18,
                    -0.12964299321174622,
                    -0.019798098132014275,
                    6.938893903907228e-18,
                    0.9998040199279785,
                    0.0001973873731913045,
                    0.0,
                    0.0,
                    0.0,
                    1.0
                ],
                "Components": [],
                "Children": [
                    648377583435456578
                ]
            },
            {
                "UID": 571828484790200130,
                "ParentUID": 542225514071890039,
                "Name": "Head",
                "Mobility": 1,
                "LocalTransform": [
                    0.990496814250946,
                    0.08263042569160461,
                    0.10994669049978256,
                    7.105427198782324e-17,
                    -0.054260510951280594,
                    0.96933513879776,
                    -0.23967716097831726,
                    8.881783998477905e-18,
                    -0.1263798177242279,
                    0.2314336895942688,
                    0.9646069407463074,
                    0.23028619587421417,
                    0.0,
                    0.0,
                    0.0,
                    1.0
                ],
                "Components": [],
                "Children": [
                    657647200832753385,
                    666617802054786327,
                    678279578918965126
                ]
            },
            {
                "UID": 580799081717265775,
                "ParentUID": 542225514071890039,
                "Name": "LeftUpperArm",
                "Mobility": 1,
                "LocalTransform": [
                    -0.10497522354125977,
                    0.884840190410614,
                    0.45391422510147095,
                    0.17286542057991028,
                    0.09591269493103027,
                    0.46331650018692017,
                    -0.880987286567688,
                    0.06917708367109299,
                    -0.9898388981819153,
                    -0.04894563555717468,
                    -0.13350415229797363,
                    0.1919027417898178,
                    0.0,
                    0.0,
                    0.0,
                    1.0
                ],
                "Components": [],
                "Children": [
                    689044294372450442
                ]
            },
            {
                "UID": 590965760525256066,
                "ParentUID": 542225514071890039,
                "Name": "LeftUpperArmFK",
                "Mobility": 1,
                "LocalTransform": [
                    -0.10497522354125977,
                    0.884840190410614,
                    0.45391422510147095,
                    0.17286542057991028,
                    0.09591269493103027,
                    0.46331650018692017,
                    -0.880987286567688,
                    0.06917708367109299,
                    -0.9898388981819153,
                    -0.04894563555717468,
                    -0.13350415229797363,
                    0.1919027417898178,
                    0.0,
                    0.0,
                    0.0,
                    1.0
                ],
                "Components": [],
                "Children": [
                    698612932239978410
                ]
            },
            {
                "UID": 600235377922552873,
                "ParentUID": 542225514071890039,
                "Name": "LeftUpperArmIK",
                "Mobility": 1,
                "LocalTransform": [
                    0.5943189859390259,
                    -0.016260763630270958,
                    0.8040649890899658,
                    0.17286542057991028,
                    0.0037804883904755116,
                    -0.9997279644012451,
                    -0.023012015968561172,
                    0.06917708367109299,
                    0.8042205572128296,
                    0.016716234385967255,
                    -0.5940958261489868,
                    0.1919027417898178,
                    0.0,
                    0.0,
                    0.0,
                    1.0
                ],
                "Components": [],
                "Children": [
                    707882549637275217
                ]
            },
            {
                "UID": 609205974849618519,
                "ParentUID": 542225514071890039,
                "Name": "RightUpperArm",
                "Mobility": 1,
                "LocalTransform": [
                    -0.20239877700805664,
                    0.9083868861198425,
                    0.3658798038959503,
                    -0.17286500334739685,
                    0.0006553530693054199,
                    -0.3734867572784424,
                    0.9276353120803833,
                    0.06917709857225418,
                    0.9793030023574829,
                    0.18799197673797607,
                    0.0749979019165039,
                    0.19190272688865662,
                    0.0,
                    0.0,
                    0.0,
                    1.0
                ],
                "Components": [],
                "Children": [
                    717750207975034346
                ]
            },
            {
                "UID": 619372653657608809,
                "ParentUID": 542225514071890039,
                "Name": "RightUpperArmFK",
                "Mobility": 1,
                "LocalTransform": [
                    -0.20239877700805664,
                    0.9083868861198425,
                    0.3658798038959503,
                    -0.17286500334739685,
                    0.0006553530693054199,
                    -0.3734867572784424,
                    0.9276353120803833,
                    0.06917709857225418,
                    0.9793030023574829,
                    0.18799197673797607,
                    0.0749979019165039,
                    0.19190272688865662,
                    0.0,
                    0.0,
                    0.0,
                    1.0
                ],
                "Components": [],
                "Children": [
                    726720804902099992
                ]
            },
            {
                "UID": 628343250584674455,
                "ParentUID": 542225514071890039,
                "Name": "RightUpperArmIK",
                "Mobility": 1,
                "LocalTransform": [
                    0.37511032819747925,
                    0.03617744520306587,
                    0.9262739419937134,
                    -0.17286500334739685,
                    0.028101976960897446,
                    0.998335063457489,
                    -0.050372302532196045,
                    0.06917709857225418,
                    -0.9265540838241577,
                    0.044925302267074585,
                    0.37346911430358887,
                    0.19190272688865662,
                    0.0,
                    0.0,
                    0.0,
                    1.0
                ],
                "Components": [],
                "Children": [
                    736887479415122986
                ]
            },
            {
                "UID": 638210908922433584,
                "ParentUID": 553289249995606516,
                "Name": "LeftFoot",
                "Mobility": 1,
                "LocalTransform": [
                    0.9998040199279785,
                    0.017338348552584648,
                    -0.009557528421282768,
                    0.048644665628671646,
                    0.0,
                    0.4827498197555542,
                    0.8757582902908325,
                    0.07756918668746948,
                    0.019798098132014275,
                    -0.8755866289138794,
                    0.4826551675796509,
                    0.12021666020154953,
                    0.0,
                    0.0,
                    0.0,
                    1.0
                ],
                "Components": [],
                "Children": []
            },
            {
                "UID": 648377583435456578,
                "ParentUID": 562558867392903323,
                "Name": "RightFoot",
                "Mobility": 1,
                "LocalTransform": [
                    0.9998040199279785,
                    0.017338348552584648,
                    -0.009557528421282768,
                    -0.00982758030295372,
                    0.0,
                    0.4827498197555542,
                    0.8757582902908325,
                    0.09173905849456787,
                    0.019798098132014275,
                    -0.8755866289138794,
                    0.4826551675796509,
                    -0.24033106863498688,
                    0.0,
                    0.0,
                    0.0,
                    1.0
                ],
                "Components": [],
                "Children": []
            },
            {
                "UID": 657647200832753385,
                "ParentUID": 571828484790200130,
                "Name": "HeadEnd",
                "Mobility": 1,
                "LocalTransform": [
                    1.0,
                    0.0,
                    0.0,
                    1.376676561123106e-16,
                    0.0,
                    1.0,
                    0.0,
                    -3.552713599391162e-17,
                    0.0,
                    0.0,
                    1.0,
                    0.36048606038093567,
                    0.0,
                    0.0,
                    0.0,
                    1.0
                ],
                "Components": [],
                "Children": []
            },
            {
                "UID": 666617802054786327,
                "ParentUID": 571828484790200130,
                "Name": "LeftEar",
                "Mobility": 1,
                "LocalTransform": [
                    0.5738646388053894,
                    -0.18254461884498596,
                    0.7983463406562805,
                    0.33966490626335144,
                    -0.05328433960676193,
                    0.964452862739563,
                    0.2588270902633667,
                    0.06945112347602844,
                    -0.8172149062156677,
                    -0.1910710632801056,
                    0.543738603591919,
                    0.40904220938682556,
                    0.0,
                    0.0,
                    0.0,
                    1.0
                ],
                "Components": [],
                "Children": [
                    745858080637155928
                ]
            },
            {
                "UID": 678279578918965126,
                "ParentUID": 571828484790200130,
                "Name": "RightEar",
                "Mobility": 1,
                "LocalTransform": [
                    0.8211361765861511,
                    -0.14109382033348083,
                    0.5530170798301697,
                    -0.3396649956703186,
                    0.013818442821502686,
                    -0.9637616872787476,
                    -0.2664070129394531,
                    0.06945109367370605,
                    0.5705650448799133,
                    0.2263982743024826,
                    -0.7894299030303955,
                    0.4090425372123718,
                    0.0,
                    0.0,
                    0.0,
                    1.0
                ],
                "Components": [],
                "Children": [
                    755725734679947761
                ]
            },
            {
                "UID": 689044294372450442,
                "ParentUID": 580799081717265775,
                "Name": "LeftLowerArm",
                "Mobility": 1,
                "LocalTransform": [
                    0.9981038570404053,
                    0.016097696498036385,
                    -0.059410035610198975,
                    0.0,
                    -0.017469407990574837,
                    0.9995909929275513,
                    -0.022642144933342934,
                    0.0,
                    0.059021249413490295,
                    0.023637069389224052,
                    0.9979768395423889,
                    0.2511610686779022,
                    0.0,
                    0.0,
                    0.0,
                    1.0
                ],
                "Components": [],
                "Children": [
                    764995352077244568
                ]
            },
            {
                "UID": 698612932239978410,
                "ParentUID": 590965760525256066,
                "Name": "LeftLowerArmFK",
                "Mobility": 1,
                "LocalTransform": [
                    0.9981038570404053,
                    0.016097696498036385,
                    -0.059410035610198975,
                    -1.4210854397564648e-16,
                    -0.017469407990574837,
                    0.9995909929275513,
                    -0.022642144933342934,
                    3.552713599391162e-17,
                    0.059021249413490295,
                    0.023637069389224052,
                    0.9979768395423889,
                    0.2511610686779022,
                    0.0,
                    0.0,
                    0.0,
                    1.0
                ],
                "Components": [],
                "Children": [
                    773965949004310214
                ]
            },
            {
                "UID": 707882549637275217,
                "ParentUID": 600235377922552873,
                "Name": "LeftLowerArmIK",
                "Mobility": 1,
                "LocalTransform": [
                    1.0,
                    0.0,
                    0.0,
                    1.4210854397564648e-16,
                    0.0,
                    1.0,
                    0.0,
                    -3.552713599391162e-17,
                    0.0,
                    0.0,
                    1.0,
                    0.2511610686779022,
                    0.0,
                    0.0,
                    0.0,
                    1.0
                ],
                "Components": [],
                "Children": [
                    784431648282531665
                ]
            },
            {
                "UID": 717750207975034346,
                "ParentUID": 609205974849618519,
                "Name": "RightLowerArm",
                "Mobility": 1,
                "LocalTransform": [
                    0.9976502060890198,
                    -0.015034640207886696,
                    0.06684313714504242,
                    -1.4210854397564648e-16,
                    0.012386690825223923,
                    0.9991287589073181,
                    0.03985383361577988,
                    -3.552713599391162e-17,
                    -0.06738409399986267,
                    -0.03893221914768219,
                    0.9969672560691833,
                    -0.25116100907325745,
                    0.0,
                    0.0,
                    0.0,
                    1.0
                ],
                "Components": [],
                "Children": [
                    794299306620290794
                ]
            },
            {
                "UID": 726720804902099992,
                "ParentUID": 619372653657608809,
                "Name": "RightLowerArmFK",
                "Mobility": 1,
                "LocalTransform": [
                    0.9976502060890198,
                    -0.015034640207886696,
                    0.06684313714504242,
                    -2.8421708795129297e-16,
                    0.012386690825223923,
                    0.9991287589073181,
                    0.03985383361577988,
                    -5.773159516292577e-17,
                    -0.06738409399986267,
                    -0.03893221914768219,
                    0.9969672560691833,
                    -0.25116100907325745,
                    0.0,
                    0.0,
                    0.0,
                    1.0
                ],
                "Components": [],
                "Children": [
                    803269903547356440
                ]
            },
            {
                "UID": 736887479415122986,
                "ParentUID": 628343250584674455,
                "Name": "RightLowerArmIK",
                "Mobility": 1,
                "LocalTransform": [
                    0.5286387205123901,
                    -8.668426084356903e-14,
                    0.8488469123840332,
                    -2.1316281596346973e-16,
                    0.0,
                    1.0,
                    1.0212001329192727e-13,
                    -3.552713599391162e-17,
                    -0.8488469123840332,
                    -5.3984594572398237e-14,
                    0.5286387205123901,
                    -0.25116100907325745,
                    0.0,
                    0.0,
                    0.0,
                    1.0
                ],
                "Components": [],
                "Children": [
                    812539520944653247
                ]
            },
            {
                "UID": 745858080637155928,
                "ParentUID": 666617802054786327,
                "Name": "LeftEarEnd",
                "Mobility": 1,
                "LocalTransform": [
                    1.0,
                    0.0,
                    0.0,
                    -1.4210854397564648e-16,
                    0.0,
                    1.0,
                    0.0,
                    2.4868995857482625e-16,
                    0.0,
                    0.0,
                    1.0,
                    0.21373941004276276,
                    0.0,
                    0.0,
                    0.0,
                    1.0
                ],
                "Components": [],
                "Children": []
            },
            {
                "UID": 755725734679947761,
                "ParentUID": 678279578918965126,
                "Name": "RightEarEnd",
                "Mobility": 1,
                "LocalTransform": [
                    1.0,
                    0.0,
                    0.0,
                    -8.285292665277666e-7,
                    0.0,
                    1.0,
                    0.0,
                    -9.097042408257039e-8,
                    0.0,
                    0.0,
                    1.0,
                    -0.2137383073568344,
                    0.0,
                    0.0,
                    0.0,
                    1.0
                ],
                "Components": [],
                "Children": []
            },
            {
                "UID": 764995352077244568,
                "ParentUID": 689044294372450442,
                "Name": "LeftWrist",
                "Mobility": 1,
                "LocalTransform": [
                    0.9995995759963989,
                    4.007864437492545e-17,
                    -0.028296370059251785,
                    2.8421708795129297e-16,
                    -4.163336011472092e-17,
                    1.0,
                    -5.435484207041485e-17,
                    0.0,
                    0.028296370059251785,
                    5.5511147922535377e-17,
                    0.9995995759963989,
                    0.23802845180034637,
                    0.0,
                    0.0,
                    0.0,
                    1.0
                ],
                "Components": [],
                "Children": []
            },
            {
                "UID": 773965949004310214,
                "ParentUID": 698612932239978410,
                "Name": "LeftWristFK",
                "Mobility": 1,
                "LocalTransform": [
                    0.9995995759963989,
                    4.3221431085536976e-17,
                    -0.028296370059251785,
                    2.8421708795129297e-16,
                    -4.163336342344337e-17,
                    1.0,
                    5.67119329305541e-17,
                    -7.105427198782324e-17,
                    0.028296370059251785,
                    -5.5511147922535377e-17,
                    0.9995995759963989,
                    0.23802845180034637,
                    0.0,
                    0.0,
                    0.0,
                    1.0
                ],
                "Components": [],
                "Children": []
            },
            {
                "UID": 784431648282531665,
                "ParentUID": 707882549637275217,
                "Name": "LeftWristIK",
                "Mobility": 1,
                "LocalTransform": [
                    -0.9400064945220947,
                    -0.12430647760629654,
                    0.31770339608192444,
                    4.2632563192693945e-16,
                    0.131098672747612,
                    -0.9913692474365234,
                    -2.7939677238464355e-8,
                    0.0,
                    0.31496140360832214,
                    0.041650474071502686,
                    0.9481901526451111,
                    0.23802845180034637,
                    0.0,
                    0.0,
                    0.0,
                    1.0
                ],
                "Components": [],
                "Children": []
            },
            {
                "UID": 794299306620290794,
                "ParentUID": 717750207975034346,
                "Name": "RightWrist",
                "Mobility": 1,
                "LocalTransform": [
                    1.0,
                    0.0,
                    0.0,
                    -1.4210854397564648e-16,
                    0.0,
                    1.0,
                    0.0,
                    -9.769962563761818e-17,
                    0.0,
                    0.0,
                    1.0,
                    -0.23802900314331055,
                    0.0,
                    0.0,
                    0.0,
                    1.0
                ],
                "Components": [],
                "Children": []
            },
            {
                "UID": 803269903547356440,
                "ParentUID": 726720804902099992,
                "Name": "RightWristFK",
                "Mobility": 1,
                "LocalTransform": [
                    1.0,
                    0.0,
                    0.0,
                    -1.4210854397564648e-16,
                    0.0,
                    1.0,
                    0.0,
                    -3.552713599391162e-17,
                    0.0,
                    0.0,
                    1.0,
                    -0.23802900314331055,
                    0.0,
                    0.0,
                    0.0,
                    1.0
                ],
                "Components": [],
                "Children": []
            },
            {
                "UID": 812539520944653247,
                "ParentUID": 736887479415122986,
                "Name": "RightWristIK",
                "Mobility": 1,
                "LocalTransform": [
                    -0.931799054145813,
                    -0.18528158962726593,
                    -0.31212422251701355,
                    -1.4210854397564648e-16,
                    0.195024773478508,
                    -0.9807983636856079,
                    -1.862645149230957e-8,
                    -3.552713599391162e-17,
                    -0.30613091588020325,
                    -0.06087197735905647,
                    0.9500412940979004,
                    -0.23802900314331055,
                    0.0,
                    0.0,
                    0.0,
                    1.0
                ],
                "Components": [],
                "Children": []
            }
        ]
    }
}