{
    "Prefab": {
        "UID": 1673434332647433,
        "Name": "Zombunny",
        "GameObjects": [
            {
                "UID": 6810328174150788275,
                "ParentUID": 8898251140520078611,
                "Name": "Zombunny",
                "Mobility": 1,
                "LocalTransform": [
                    1.0,
                    0.0,
                    0.0,
                    0.0,
                    0.0,
                    1.0,
                    0.0,
                    0.0,
                    0.0,
                    0.0,
                    1.0,
                    0.0,
                    0.0,
                    0.0,
                    0.0,
                    1.0
                ],
                "Components": [],
                "Children": [
                    6845911545683786995,
                    6861460580071036294
                ]
            },
            {
                "UID": 6845911545683786995,
                "ParentUID": 6810328174150788275,
                "Name": "Zombunny",
                "Mobility": 1,
                "LocalTransform": [
                    1.0,
                    0.0,
                    0.0,
                    0.0,
                    0.0,
                    1.0,
                    0.0,
                    0.0,
                    0.0,
                    0.0,
                    1.0,
                    0.0,
                    0.0,
                    0.0,
                    0.0,
                    1.0
                ],
                "Components": [],
                "Children": [
                    7281284547181473059,
                    11698500473523702222
                ]
            },
            {
                "UID": 6861460580071036294,
                "ParentUID": 6810328174150788275,
                "Name": "Ctrl_Grp",
                "Mobility": 1,
                "LocalTransform": [
                    1.0,
                    0.0,
                    0.0,
                    0.0,
                    0.0,
                    1.0,
                    0.0,
                    0.0,
                    0.0,
                    0.0,
                    1.0,
                    0.0,
                    0.0,
                    0.0,
                    0.0,
                    1.0
                ],
                "Components": [],
                "Children": [
                    6872524315994752771
                ]
            },
            {
                "UID": 7281284547181473059,
                "ParentUID": 6845911545683786995,
                "Name": "Zombunny Mesh 1",
                "Mobility": 1,
                "LocalTransform": [
                    1.0,
                    0.0,
                    0.0,
                    0.0,
                    0.0,
                    1.0,
                    0.0,
                    0.0,
                    0.0,
                    0.0,
                    1.0,
                    0.0,
                    0.0,
                    0.0,
                    0.0,
                    1.0
                ],
                "Components": [
                    {
                        "UID": 1697394797,
                        "ParentUID": 7281284547181473059,
                        "Type": 1,
                        "Enabled": true,
                        "Name": "Mesh",
                        "Mesh": 1106966564939503,
                        "Material": 1343406877279980,
                        "Bones": [
                            6872524315994752771,
                            6881793933392049578,
                            6891661591729808707,
                            6900333172481610489,
                            6910798867464864644,
                            6919171423451467967,
                            6927843004203269749,
                            6937112621600566556,
                            6946083218527632202,
                            6954455774514235525,
                            6963426371441301171,
                            6973294029779060300,
                            7032798995980878940,
                            7041769592907944586,
                            7049544107954085587,
                            7112936331678974727,
                            7121906928606040373,
                            7131176546003337180,
                            7140147142930402826
                        ],
                        "ModelUID": 1432072392359526,
                        "SkinIndex": 0
                    }
                ],
                "Children": []
            },
            {
                "UID": 11698500473523702222,
                "ParentUID": 6845911545683786995,
                "Name": "Zombunny Mesh 2",
                "Mobility": 1,
                "LocalTransform": [
                    1.0,
                    0.0,
                    0.0,
                    0.0,
                    0.0,
                    1.0,
                    0.0,
                    0.0,
                    0.0,
                    0.0,
                    1.0,
                    0.0,
                    0.0,
                    0.0,
                    0.0,
                    1.0
                ],
                "Components": [
                    {
                        "UID": 2726206130,
                        "ParentUID": 11698500473523702222,
                        "Type": 1,
                        "Enabled": true,
                        "Name": "Mesh",
                        "Mesh": 1121634482795735,
                        "Material": 1318409606369889,
                        "Bones": [
                            6872524315994752771,
                            6881793933392049578,
                            6891661591729808707,
                            6900333172481610489,
                            6910798867464864644,
                            6919171423451467967,
                            6927843004203269749,
                            6937112621600566556,
                            6946083218527632202,
                            6954455774514235525,
                            6963426371441301171,
                            6973294029779060300,
                            7032798995980878940,
                            7041769592907944586,
                            7049544107954085587,
                            7112936331678974727,
                            7121906928606040373,
                            7131176546003337180,
                            7140147142930402826
                        ],
                        "ModelUID": 1432072392359526,
                        "SkinIndex": 0
                    }
                ],
                "Children": []
            },
            {
                "UID": 6872524315994752771,
                "ParentUID": 6861460580071036294,
                "Name": "Root",
                "Mobility": 1,
                "LocalTransform": [
                    5.960464477539063e-8,
                    -0.9999999403953552,
                    0.0,
                    0.0,
                    0.9999999403953552,
                    5.960464477539063e-8,
                    0.0,
                    0.0,
                    0.0,
                    0.0,
                    1.0,
                    0.0,
                    0.0,
                    0.0,
                    0.0,
                    1.0
                ],
                "Components": [],
                "Children": [
                    6881793933392049578
                ]
            },
            {
                "UID": 6881793933392049578,
                "ParentUID": 6872524315994752771,
                "Name": "Hips",
                "Mobility": 1,
                "LocalTransform": [
                    0.08235752582550049,
                    -0.03420817852020264,
                    0.9960155487060547,
                    0.2909983694553375,
                    -0.996405839920044,
                    -0.0226975679397583,
                    0.08161023259162903,
                    0.0027264284435659647,
                    0.019815444946289063,
                    -0.9991569519042969,
                    -0.03595459461212158,
                    0.0002082364517264068,
                    0.0,
                    0.0,
                    0.0,
                    1.0
                ],
                "Components": [],
                "Children": [
                    6891661591729808707,
                    7112936331678974727,
                    7131176546003337180
                ]
            },
            {
                "UID": 6891661591729808707,
                "ParentUID": 6881793933392049578,
                "Name": "Spine",
                "Mobility": 1,
                "LocalTransform": [
                    0.9736145734786987,
                    -0.02847176045179367,
                    -0.22641563415527344,
                    0.0002581339213065803,
                    -0.013177085667848587,
                    0.9835160374641418,
                    -0.18034015595912933,
                    -0.00005960099588264711,
                    0.22781801223754883,
                    0.17856530845165253,
                    0.9571903347969055,
                    0.19401027262210846,
                    0.0,
                    0.0,
                    0.0,
                    1.0
                ],
                "Components": [],
                "Children": [
                    6900333172481610489,
                    6954455774514235525,
                    6981666590060630921,
                    7006186221374945867,
                    7032798995980878940,
                    7057318627295193886,
                    7085127479487084307
                ]
            },
            {
                "UID": 7112936331678974727,
                "ParentUID": 6881793933392049578,
                "Name": "LeftLeg",
                "Mobility": 1,
                "LocalTransform": [
                    0.9998040199279785,
                    -9.364822734623146e-18,
                    0.019798098132014275,
                    0.15488280355930328,
                    -6.938893903907228e-18,
                    -1.0,
                    -1.226020766495394e-16,
                    -0.12964345514774323,
                    0.019798098132014275,
                    1.2244066393352825e-16,
                    -0.9998040199279785,
                    0.00019751557556446642,
                    0.0,
                    0.0,
                    0.0,
                    1.0
                ],
                "Components": [],
                "Children": [
                    7121906928606040373
                ]
            },
            {
                "UID": 7131176546003337180,
                "ParentUID": 6881793933392049578,
                "Name": "RightLeg",
                "Mobility": 1,
                "LocalTransform": [
                    0.9998040199279785,
                    3.607531106739235e-18,
                    0.019798098132014275,
                    -0.1548829972743988,
                    -3.4694473655439205e-18,
                    1.0,
                    -7.00895610179047e-18,
                    -0.12964299321174622,
                    -0.019798098132014275,
                    6.938893903907228e-18,
                    0.9998040199279785,
                    0.0001973873731913045,
                    0.0,
                    0.0,
                    0.0,
                    1.0
                ],
                "Components": [],
                "Children": [
                    7140147142930402826
                ]
            },
            {
                "UID": 6900333172481610489,
                "ParentUID": 6891661591729808707,
                "Name": "Head",
                "Mobility": 1,
                "LocalTransform": [
                    0.990496814250946,
                    0.08263042569160461,
                    0.10994669049978256,
                    7.105427198782324e-17,
                    -0.054260510951280594,
                    0.96933513879776,
                    -0.23967716097831726,
                    8.881783998477905e-18,
                    -0.1263798177242279,
                    0.2314336895942688,
                    0.9646069407463074,
                    0.23028619587421417,
                    0.0,
                    0.0,
                    0.0,
                    1.0
                ],
                "Components": [],
                "Children": [
                    6910798867464864644,
                    6919171423451467967,
                    6937112621600566556
                ]
            },
            {
                "UID": 6954455774514235525,
                "ParentUID": 6891661591729808707,
                "Name": "LeftUpperArm",
                "Mobility": 1,
                "LocalTransform": [
                    -0.10497522354125977,
                    0.884840190410614,
                    0.45391422510147095,
                    0.17286542057991028,
                    0.09591269493103027,
                    0.46331650018692017,
                    -0.880987286567688,
                    0.06917708367109299,
                    -0.9898388981819153,
                    -0.04894563555717468,
                    -0.13350415229797363,
                    0.1919027417898178,
                    0.0,
                    0.0,
                    0.0,
                    1.0
                ],
                "Components": [],
                "Children": [
                    6963426371441301171
                ]
            },
            {
                "UID": 6981666590060630921,
                "ParentUID": 6891661591729808707,
                "Name": "LeftUpperArmFK",
                "Mobility": 1,
                "LocalTransform": [
                    -0.10497522354125977,
                    0.884840190410614,
                    0.45391422510147095,
                    0.17286542057991028,
                    0.09591269493103027,
                    0.46331650018692017,
                    -0.880987286567688,
                    0.06917708367109299,
                    -0.9898388981819153,
                    -0.04894563555717468,
                    -0.13350415229797363,
                    0.1919027417898178,
                    0.0,
                    0.0,
                    0.0,
                    1.0
                ],
                "Components": [],
                "Children": [
                    6990338166517465406
                ]
            },
            {
                "UID": 7006186221374945867,
                "ParentUID": 6891661591729808707,
                "Name": "LeftUpperArmIK",
                "Mobility": 1,
                "LocalTransform": [
                    0.5943189859390259,
                    -0.016260763630270958,
                    0.8040649890899658,
                    0.17286542057991028,
                    0.0037804883904755116,
                    -0.9997279644012451,
                    -0.023012015968561172,
                    0.06917708367109299,
                    0.8042205572128296,
                    0.016716234385967255,
                    -0.5940958261489868,
                    0.1919027417898178,
                    0.0,
                    0.0,
                    0.0,
                    1.0
                ],
                "Components": [],
                "Children": [
                    7014857797831780351
                ]
            },
            {
                "UID": 7032798995980878940,
                "ParentUID": 6891661591729808707,
                "Name": "RightUpperArm",
                "Mobility": 1,
                "LocalTransform": [
                    -0.20239877700805664,
                    0.9083868861198425,
                    0.3658798038959503,
                    -0.17286500334739685,
                    0.0006553530693054199,
                    -0.3734867572784424,
                    0.9276353120803833,
                    0.06917709857225418,
                    0.9793030023574829,
                    0.18799197673797607,
                    0.0749979019165039,
                    0.19190272688865662,
                    0.0,
                    0.0,
                    0.0,
                    1.0
                ],
                "Components": [],
                "Children": [
                    7041769592907944586
                ]
            },
            {
                "UID": 7057318627295193886,
                "ParentUID": 6891661591729808707,
                "Name": "RightUpperArmFK",
                "Mobility": 1,
                "LocalTransform": [
                    -0.20239877700805664,
                    0.9083868861198425,
                    0.3658798038959503,
                    -0.17286500334739685,
                    0.0006553530693054199,
                    -0.3734867572784424,
                    0.9276353120803833,
                    0.06917709857225418,
                    0.9793030023574829,
                    0.18799197673797607,
                    0.0749979019165039,
                    0.19190272688865662,
                    0.0,
                    0.0,
                    0.0,
                    1.0
                ],
                "Components": [],
                "Children": [
                    7066588244692490693
                ]
            },
            {
                "UID": 7085127479487084307,
                "ParentUID": 6891661591729808707,
                "Name": "RightUpperArmIK",
                "Mobility": 1,
                "LocalTransform": [
                    0.37511032819747925,
                    0.03617744520306587,
                    0.9262739419937134,
                    -0.17286500334739685,
                    0.028101976960897446,
                    0.998335063457489,
                    -0.050372302532196045,
                    0.06917709857225418,
                    -0.9265540838241577,
                    0.044925302267074585,
                    0.37346911430358887,
                    0.19190272688865662,
                    0.0,
                    0.0,
                    0.0,
                    1.0
                ],
                "Components": [],
                "Children": [
                    7094397096884381114
                ]
            },
            {
                "UID": 7121906928606040373,
                "ParentUID": 7112936331678974727,
                "Name": "LeftFoot",
                "Mobility": 1,
                "LocalTransform": [
                    0.9998040199279785,
                    0.017338348552584648,
                    -0.009557528421282768,
                    0.048644665628671646,
                    0.0,
                    0.4827498197555542,
                    0.8757582902908325,
                    0.07756918668746948,
                    0.019798098132014275,
                    -0.8755866289138794,
                    0.4826551675796509,
                    0.12021666020154953,
                    0.0,
                    0.0,
                    0.0,
                    1.0
                ],
                "Components": [],
                "Children": []
            },
            {
                "UID": 7140147142930402826,
                "ParentUID": 7131176546003337180,
                "Name": "RightFoot",
                "Mobility": 1,
                "LocalTransform": [
                    0.9998040199279785,
                    0.017338348552584648,
                    -0.009557528421282768,
                    -0.00982758030295372,
                    0.0,
                    0.4827498197555542,
                    0.8757582902908325,
                    0.09173905849456787,
                    0.019798098132014275,
                    -0.8755866289138794,
                    0.4826551675796509,
                    -0.24033106863498688,
                    0.0,
                    0.0,
                    0.0,
                    1.0
                ],
                "Components": [],
                "Children": []
            },
            {
                "UID": 6910798867464864644,
                "ParentUID": 6900333172481610489,
                "Name": "HeadEnd",
                "Mobility": 1,
                "LocalTransform": [
                    1.0,
                    0.0,
                    0.0,
                    1.376676561123106e-16,
                    0.0,
                    1.0,
                    0.0,
                    -3.552713599391162e-17,
                    0.0,
                    0.0,
                    1.0,
                    0.36048606038093567,
                    0.0,
                    0.0,
                    0.0,
                    1.0
                ],
                "Components": [],
                "Children": []
            },
            {
                "UID": 6919171423451467967,
                "ParentUID": 6900333172481610489,
                "Name": "LeftEar",
                "Mobility": 1,
                "LocalTransform": [
                    0.5738646388053894,
                    -0.18254461884498596,
                    0.7983463406562805,
                    0.33966490626335144,
                    -0.05328433960676193,
                    0.964452862739563,
                    0.2588270902633667,
                    0.06945112347602844,
                    -0.8172149062156677,
                    -0.1910710632801056,
                    0.543738603591919,
                    0.40904220938682556,
                    0.0,
                    0.0,
                    0.0,
                    1.0
                ],
                "Components": [],
                "Children": [
                    6927843004203269749
                ]
            },
            {
                "UID": 6937112621600566556,
                "ParentUID": 6900333172481610489,
                "Name": "RightEar",
                "Mobility": 1,
                "LocalTransform": [
                    0.8211361765861511,
                    -0.14109382033348083,
                    0.5530170798301697,
                    -0.3396649956703186,
                    0.013818442821502686,
                    -0.9637616872787476,
                    -0.2664070129394531,
                    0.06945109367370605,
                    0.5705650448799133,
                    0.2263982743024826,
                    -0.7894299030303955,
                    0.4090425372123718,
                    0.0,
                    0.0,
                    0.0,
                    1.0
                ],
                "Components": [],
                "Children": [
                    6946083218527632202
                ]
            },
            {
                "UID": 6963426371441301171,
                "ParentUID": 6954455774514235525,
                "Name": "LeftLowerArm",
                "Mobility": 1,
                "LocalTransform": [
                    0.9981038570404053,
                    0.016097696498036385,
                    -0.059410035610198975,
                    0.0,
                    -0.017469407990574837,
                    0.9995909929275513,
                    -0.022642144933342934,
                    0.0,
                    0.059021249413490295,
                    0.023637069389224052,
                    0.9979768395423889,
                    0.2511610686779022,
                    0.0,
                    0.0,
                    0.0,
                    1.0
                ],
                "Components": [],
                "Children": [
                    6973294029779060300
                ]
            },
            {
                "UID": 6990338166517465406,
                "ParentUID": 6981666590060630921,
                "Name": "LeftLowerArmFK",
                "Mobility": 1,
                "LocalTransform": [
                    0.9981038570404053,
                    0.016097696498036385,
                    -0.059410035610198975,
                    -1.4210854397564648e-16,
                    -0.017469407990574837,
                    0.9995909929275513,
                    -0.022642144933342934,
                    3.552713599391162e-17,
                    0.059021249413490295,
                    0.023637069389224052,
                    0.9979768395423889,
                    0.2511610686779022,
                    0.0,
                    0.0,
                    0.0,
                    1.0
                ],
                "Components": [],
                "Children": [
                    6998112681563606407
                ]
            },
            {
                "UID": 7014857797831780351,
                "ParentUID": 7006186221374945867,
                "Name": "LeftLowerArmIK",
                "Mobility": 1,
                "LocalTransform": [
                    1.0,
                    0.0,
                    0.0,
                    1.4210854397564648e-16,
                    0.0,
                    1.0,
                    0.0,
                    -3.552713599391162e-17,
                    0.0,
                    0.0,
                    1.0,
                    0.2511610686779022,
                    0.0,
                    0.0,
                    0.0,
                    1.0
                ],
                "Components": [],
                "Children": [
                    7024426435699308319
                ]
            },
            {
                "UID": 7041769592907944586,
                "ParentUID": 7032798995980878940,
                "Name": "RightLowerArm",
                "Mobility": 1,
                "LocalTransform": [
                    0.9976502060890198,
                    -0.015034640207886696,
                    0.06684313714504242,
                    -1.4210854397564648e-16,
                    0.012386690825223923,
                    0.9991287589073181,
                    0.03985383361577988,
                    -3.552713599391162e-17,
                    -0.06738409399986267,
                    -0.03893221914768219,
                    0.9969672560691833,
                    -0.25116100907325745,
                    0.0,
                    0.0,
                    0.0,
                    1.0
                ],
                "Components": [],
                "Children": [
                    7049544107954085587
                ]
            },
            {
                "UID": 7066588244692490693,
                "ParentUID": 7057318627295193886,
                "Name": "RightLowerArmFK",
                "Mobility": 1,
                "LocalTransform": [
                    0.9976502060890198,
                    -0.015034640207886696,
                    0.06684313714504242,
                    -2.8421708795129297e-16,
                    0.012386690825223923,
                    0.9991287589073181,
                    0.03985383361577988,
                    -5.773159516292577e-17,
                    -0.06738409399986267,
                    -0.03893221914768219,
                    0.9969672560691833,
                    -0.25116100907325745,
                    0.0,
                    0.0,
                    0.0,
                    1.0
                ],
                "Components": [],
                "Children": [
                    7075558841619556338
                ]
            },
            {
                "UID": 7094397096884381114,
                "ParentUID": 7085127479487084307,
                "Name": "RightLowerArmIK",
                "Mobility": 1,
                "LocalTransform": [
                    0.5286387205123901,
                    -8.668426084356903e-14,
                    0.8488469123840332,
                    -2.1316281596346973e-16,
                    0.0,
                    1.0,
                    1.0212001329192727e-13,
                    -3.552713599391162e-17,
                    -0.8488469123840332,
                    -5.3984594572398237e-14,
                    0.5286387205123901,
                    -0.25116100907325745,
                    0.0,
                    0.0,
                    0.0,
                    1.0
                ],
                "Components": [],
                "Children": [
                    7104563775692371404
                ]
            },
            {
                "UID": 6927843004203269749,
                "ParentUID": 6919171423451467967,
                "Name": "LeftEarEnd",
                "Mobility": 1,
                "LocalTransform": [
                    1.0,
                    0.0,
                    0.0,
                    -1.4210854397564648e-16,
                    0.0,
                    1.0,
                    0.0,
                    2.4868995857482625e-16,
                    0.0,
                    0.0,
                    1.0,
                    0.21373941004276276,
                    0.0,
                    0.0,
                    0.0,
                    1.0
                ],
                "Components": [],
                "Children": []
            },
            {
                "UID": 6946083218527632202,
                "ParentUID": 6937112621600566556,
                "Name": "RightEarEnd",
                "Mobility": 1,
                "LocalTransform": [
                    1.0,
                    0.0,
                    0.0,
                    -8.285292665277666e-7,
                    0.0,
                    1.0,
                    0.0,
                    -9.097042408257039e-8,
                    0.0,
                    0.0,
                    1.0,
                    -0.2137383073568344,
                    0.0,
                    0.0,
                    0.0,
                    1.0
                ],
                "Components": [],
                "Children": []
            },
            {
                "UID": 6973294029779060300,
                "ParentUID": 6963426371441301171,
                "Name": "LeftWrist",
                "Mobility": 1,
                "LocalTransform": [
                    0.9995995759963989,
                    4.007864437492545e-17,
                    -0.028296370059251785,
                    2.8421708795129297e-16,
                    -4.163336011472092e-17,
                    1.0,
                    -5.435484207041485e-17,
                    0.0,
                    0.028296370059251785,
                    5.5511147922535377e-17,
                    0.9995995759963989,
                    0.23802845180034637,
                    0.0,
                    0.0,
                    0.0,
                    1.0
                ],
                "Components": [],
                "Children": []
            },
            {
                "UID": 6998112681563606407,
                "ParentUID": 6990338166517465406,
                "Name": "LeftWristFK",
                "Mobility": 1,
                "LocalTransform": [
                    0.9995995759963989,
                    4.3221431085536976e-17,
                    -0.028296370059251785,
                    2.8421708795129297e-16,
                    -4.163336342344337e-17,
                    1.0,
                    5.67119329305541e-17,
                    -7.105427198782324e-17,
                    0.028296370059251785,
                    -5.5511147922535377e-17,
                    0.9995995759963989,
                    0.23802845180034637,
                    0.0,
                    0.0,
                    0.0,
                    1.0
                ],
                "Components": [],
                "Children": []
            },
            {
                "UID": 7024426435699308319,
                "ParentUID": 7014857797831780351,
                "Name": "LeftWristIK",
                "Mobility": 1,
                "LocalTransform": [
                    -0.9400064945220947,
                    -0.12430647760629654,
                    0.31770339608192444,
                    4.2632563192693945e-16,
                    0.131098672747612,
                    -0.9913692474365234,
                    -2.7939677238464355e-8,
                    0.0,
                    0.31496140360832214,
                    0.041650474071502686,
                    0.9481901526451111,
                    0.23802845180034637,
                    0.0,
                    0.0,
                    0.0,
                    1.0
                ],
                "Components": [],
                "Children": []
            },
            {
                "UID": 7049544107954085587,
                "ParentUID": 7041769592907944586,
                "Name": "RightWrist",
                "Mobility": 1,
                "LocalTransform": [
                    1.0,
                    0.0,
                    0.0,
                    -1.4210854397564648e-16,
                    0.0,
                    1.0,
                    0.0,
                    -9.769962563761818e-17,
                    0.0,
                    0.0,
                    1.0,
                    -0.23802900314331055,
                    0.0,
                    0.0,
                    0.0,
                    1.0
                ],
                "Components": [],
                "Children": []
            },
            {
                "UID": 7075558841619556338,
                "ParentUID": 7066588244692490693,
                "Name": "RightWristFK",
                "Mobility": 1,
                "LocalTransform": [
                    1.0,
                    0.0,
                    0.0,
                    -1.4210854397564648e-16,
                    0.0,
                    1.0,
                    0.0,
                    -3.552713599391162e-17,
                    0.0,
                    0.0,
                    1.0,
                    -0.23802900314331055,
                    0.0,
                    0.0,
                    0.0,
                    1.0
                ],
                "Components": [],
                "Children": []
            },
            {
                "UID": 7104563775692371404,
                "ParentUID": 7094397096884381114,
                "Name": "RightWristIK",
                "Mobility": 1,
                "LocalTransform": [
                    -0.931799054145813,
                    -0.18528158962726593,
                    -0.31212422251701355,
                    -1.4210854397564648e-16,
                    0.195024773478508,
                    -0.9807983636856079,
                    -1.862645149230957e-8,
                    -3.552713599391162e-17,
                    -0.30613091588020325,
                    -0.06087197735905647,
                    0.9500412940979004,
                    -0.23802900314331055,
                    0.0,
                    0.0,
                    0.0,
                    1.0
                ],
                "Components": [],
                "Children": []
            }
        ]
    }
}