{
    "Scene": {
        "UID": 7014786727855845132,
        "Name": "ZombunnyTest",
        "RootGameObject": 8598255486442759706,
        "GameObjects": [
            {
                "UID": 983675009245278393,
                "ParentUID": 980983829308165240,
                "Name": "Spine",
                "Mobility": 1,
                "LocalTransform": [
                    0.9960358142852783,
                    0.06009381636977196,
                    0.06558501720428467,
                    2.6831785270613368e-17,
                    -0.05892985686659813,
                    0.9980708360671997,
                    -0.01954161562025547,
                    -1.0732714108245347e-16,
                    -0.06663282215595245,
                    0.015599234029650688,
                    0.9976556301116943,
                    0.24167923629283905,
                    0.0,
                    0.0,
                    0.0,
                    1.0
                ],
                "Components": [],
                "Children": [
                    986665209652622707,
                    1017464257956890146,
                    1024042699712041096,
                    1029724075761531267,
                    1034209374225064090,
                    1037797615572870726,
                    1041086832155478905
                ]
            },
            {
                "UID": 1008194640559593339,
                "ParentUID": 986665209652622707,
                "Name": "LeftEar",
                "Mobility": 1,
                "LocalTransform": [
                    0.5085207223892212,
                    -0.4114115238189697,
                    0.7564042806625366,
                    2.7115076432439303e-17,
                    0.18099308013916016,
                    0.9099138975143433,
                    0.3732268214225769,
                    -1.0199372533817286e-16,
                    -0.8418126106262207,
                    -0.05288970470428467,
                    0.5371726751327515,
                    0.23028619587421417,
                    0.0,
                    0.0,
                    0.0,
                    1.0
                ],
                "Components": [],
                "Children": [
                    1010586800026475331
                ]
            },
            {
                "UID": 990253446705462047,
                "ParentUID": 986665209652622707,
                "Name": "HeadEnd",
                "Mobility": 1,
                "LocalTransform": [
                    1.0,
                    0.0,
                    0.0,
                    1.376676561123106e-16,
                    0.0,
                    1.0,
                    0.0,
                    -3.552713599391162e-17,
                    0.0,
                    0.0,
                    1.0,
                    0.36048606038093567,
                    0.0,
                    0.0,
                    0.0,
                    1.0
                ],
                "Components": [],
                "Children": []
            },
            {
                "UID": 8598255486442759706,
                "ParentUID": 0,
                "Name": "SceneModule GameObject",
                "Mobility": 1,
                "LocalTransform": [
                    1.0,
                    0.0,
                    0.0,
                    0.0,
                    0.0,
                    1.0,
                    0.0,
                    0.0,
                    0.0,
                    0.0,
                    1.0,
                    0.0,
                    0.0,
                    0.0,
                    0.0,
                    1.0
                ],
                "Components": [],
                "Children": [
                    965434794920915940
                ]
            },
            {
                "UID": 980983829308165240,
                "ParentUID": 976797551314863578,
                "Name": "Hips",
                "Mobility": 1,
                "LocalTransform": [
                    0.0,
                    0.0,
                    1.0,
                    0.15108060836791992,
                    -1.0,
                    0.0,
                    0.0,
                    3.354663399688816e-17,
                    0.0,
                    -1.0,
                    0.0,
                    0.0,
                    0.0,
                    0.0,
                    0.0,
                    1.0
                ],
                "Components": [],
                "Children": [
                    983675009245278393,
                    1050057429082544551,
                    1051851551903931517
                ]
            },
            {
                "UID": 1036601533691946082,
                "ParentUID": 1035704476576219895,
                "Name": "RightWrist",
                "Mobility": 1,
                "LocalTransform": [
                    0.8321021795272827,
                    7.050964965507343e-17,
                    -0.5546223521232605,
                    2.7115076432439303e-17,
                    -5.543696305647917e-17,
                    1.0,
                    4.3958614447444234e-17,
                    -1.0199372533817286e-16,
                    0.5546223521232605,
                    -5.831479389072261e-18,
                    0.8321021795272827,
                    0.23028619587421417,
                    0.0,
                    0.0,
                    0.0,
                    1.0
                ],
                "Components": [],
                "Children": []
            },
            {
                "UID": 965434794920915940,
                "ParentUID": 8598255486442759706,
                "Name": "Zombunny",
                "Mobility": 1,
                "LocalTransform": [
                    1.0,
                    0.0,
                    0.0,
                    0.0,
                    0.0,
                    1.0,
                    0.0,
                    0.0,
                    0.0,
                    0.0,
                    1.0,
                    0.0,
                    0.0,
                    0.0,
                    0.0,
                    1.0
                ],
                "Components": [
                    {
                        "UID": 965434794920915940,
                        "Type": 7,
                        "Enabled": true,
                        "Name": "Animation",
                        "Animations": 1591994932572639
                    }
                ],
                "Children": [
                    970518134324911085,
                    973807350907519264
                ]
            },
            {
                "UID": 973807350907519264,
                "ParentUID": 965434794920915940,
                "Name": "Ctrl_Grp",
                "Mobility": 1,
                "LocalTransform": [
                    1.0,
                    0.0,
                    0.0,
                    0.0,
                    0.0,
                    1.0,
                    0.0,
                    0.0,
                    0.0,
                    0.0,
                    1.0,
                    0.0,
                    0.0,
                    0.0,
                    0.0,
                    1.0
                ],
                "Components": [],
                "Children": [
                    976797551314863578
                ]
            },
            {
                "UID": 970518134324911085,
                "ParentUID": 965434794920915940,
                "Name": "Zombunny",
                "Mobility": 1,
                "LocalTransform": [
                    1.0,
                    0.0,
                    0.0,
                    0.0,
                    0.0,
                    1.0,
                    0.0,
                    0.0,
                    0.0,
                    0.0,
                    1.0,
                    0.0,
                    0.0,
                    0.0,
                    0.0,
                    1.0
                ],
                "Components": [],
                "Children": [
                    1071586864284482479,
                    17391589655595620072
                ]
            },
            {
                "UID": 1015670139430470476,
                "ParentUID": 1013577000433819645,
                "Name": "RightEarEnd",
                "Mobility": 1,
                "LocalTransform": [
                    1.0,
                    0.0,
                    0.0,
                    -8.285292665277666e-7,
                    0.0,
                    1.0,
                    0.0,
                    -9.097042408257039e-8,
                    0.0,
                    0.0,
                    1.0,
                    -0.2137383073568344,
                    0.0,
                    0.0,
                    0.0,
                    1.0
                ],
                "Components": [],
                "Children": []
            },
            {
                "UID": 976797551314863578,
                "ParentUID": 973807350907519264,
                "Name": "Root",
                "Mobility": 1,
                "LocalTransform": [
                    5.960464477539063e-8,
                    -0.9999999403953552,
                    0.0,
                    0.0,
                    0.9999999403953552,
                    5.960464477539063e-8,
                    0.0,
                    0.0,
                    0.0,
                    0.0,
                    1.0,
                    0.0,
                    0.0,
                    0.0,
                    0.0,
                    1.0
                ],
                "Components": [],
                "Children": [
                    980983829308165240
                ]
            },
            {
                "UID": 986665209652622707,
                "ParentUID": 983675009245278393,
                "Name": "Head",
                "Mobility": 1,
                "LocalTransform": [
                    0.9990713000297546,
                    -0.0307815819978714,
                    -0.030149461701512337,
                    2.7115076432439303e-17,
                    0.03493324667215347,
                    0.9882815480232239,
                    0.1485908329486847,
                    -1.0199372533817286e-16,
                    0.02522229589521885,
                    -0.14950606226921082,
                    0.9884390830993652,
                    0.23028619587421417,
                    0.0,
                    0.0,
                    0.0,
                    1.0
                ],
                "Components": [],
                "Children": [
                    990253446705462047,
                    1008194640559593339,
                    1013577000433819645
                ]
            },
            {
                "UID": 1010586800026475331,
                "ParentUID": 1008194640559593339,
                "Name": "LeftEarEnd",
                "Mobility": 1,
                "LocalTransform": [
                    1.0,
                    0.0,
                    0.0,
                    -1.4210854397564648e-16,
                    0.0,
                    1.0,
                    0.0,
                    2.4868995857482625e-16,
                    0.0,
                    0.0,
                    1.0,
                    0.21373941004276276,
                    0.0,
                    0.0,
                    0.0,
                    1.0
                ],
                "Components": [],
                "Children": []
            },
            {
                "UID": 1013577000433819645,
                "ParentUID": 986665209652622707,
                "Name": "RightEar",
                "Mobility": 1,
                "LocalTransform": [
                    0.5574131011962891,
                    -0.3719777464866638,
                    0.7422420382499695,
                    2.7115076432439303e-17,
                    -0.16209417581558228,
                    -0.9255689382553101,
                    -0.3421224355697632,
                    -1.0199372533817286e-16,
                    0.8142580389976501,
                    0.07039041817188263,
                    -0.5762196779251099,
                    0.23028619587421417,
                    0.0,
                    0.0,
                    0.0,
                    1.0
                ],
                "Components": [],
                "Children": [
                    1015670139430470476
                ]
            },
            {
                "UID": 17391589655595620072,
                "ParentUID": 970518134324911085,
                "Name": "Zombunny Mesh 2",
                "Mobility": 1,
                "LocalTransform": [
                    1.0,
                    0.0,
                    0.0,
                    0.0,
                    0.0,
                    1.0,
                    0.0,
                    0.0,
                    0.0,
                    0.0,
                    1.0,
                    0.0,
                    0.0,
                    0.0,
                    0.0,
                    1.0
                ],
                "Components": [
                    {
                        "UID": 17391589655595620072,
                        "Type": 1,
                        "Enabled": true,
                        "Name": "Mesh",
                        "Mesh": 1104033615987830,
                        "Material": 1317186885520381,
                        "Bones": [
                            976797551314863578,
                            980983829308165240,
                            983675009245278393,
                            986665209652622707,
                            990253446705462047,
                            1008194640559593339,
                            1010586800026475331,
                            1013577000433819645,
                            1015670139430470476,
                            1017464257956890146,
                            1019258380778277112,
                            1021351519774927943,
                            1034209374225064090,
                            1035704476576219895,
                            1036601533691946082,
                            1050057429082544551,
                            1050954490493238034,
                            1051851551903931517,
                            1053047629489888865
                        ],
                        "ModelUID": 1433349918613929,
                        "SkinIndex": 0
                    }
                ],
                "Children": []
            },
            {
                "UID": 1017464257956890146,
                "ParentUID": 983675009245278393,
                "Name": "LeftUpperArm",
                "Mobility": 1,
                "LocalTransform": [
                    0.08255875110626221,
                    0.7722862958908081,
                    0.6298872232437134,
                    2.7115076432439303e-17,
                    -0.058908283710479736,
                    0.6347214579582214,
                    -0.7704923152923584,
                    -1.0199372533817286e-16,
                    -0.994843602180481,
                    0.026505321264266968,
                    0.09789586067199707,
                    0.23028619587421417,
                    0.0,
                    0.0,
                    0.0,
                    1.0
                ],
                "Components": [],
                "Children": [
                    1019258380778277112
                ]
            },
            {
                "UID": 1030920157642455911,
                "ParentUID": 1029724075761531267,
                "Name": "LeftLowerArmIK",
                "Mobility": 1,
                "LocalTransform": [
                    0.8842416405677795,
                    6.635026624344036e-19,
                    0.46702975034713745,
                    2.7115076432439303e-17,
                    -5.762920178362028e-18,
                    1.0,
                    9.490426801916873e-18,
                    -1.0199372533817286e-16,
                    -0.46702975034713745,
                    -1.1083285494118386e-17,
                    0.8842416405677795,
                    0.23028619587421417,
                    0.0,
                    0.0,
                    0.0,
                    1.0
                ],
                "Components": [],
                "Children": [
                    1033312317109337903
                ]
            },
            {
                "UID": 1019258380778277112,
                "ParentUID": 1017464257956890146,
                "Name": "LeftLowerArm",
                "Mobility": 1,
                "LocalTransform": [
                    0.9255497455596924,
                    2.0445140304703692e-17,
                    0.3786260485649109,
                    2.7115076432439303e-17,
                    -1.893557870018627e-17,
                    1.0,
                    -7.710298554936418e-18,
                    -1.0199372533817286e-16,
                    -0.3786260485649109,
                    -3.3239425734830864e-20,
                    0.9255497455596924,
                    0.23028619587421417,
                    0.0,
                    0.0,
                    0.0,
                    1.0
                ],
                "Components": [],
                "Children": [
                    1021351519774927943
                ]
            },
            {
                "UID": 1021351519774927943,
                "ParentUID": 1019258380778277112,
                "Name": "LeftWrist",
                "Mobility": 1,
                "LocalTransform": [
                    0.9725810885429382,
                    2.9571657267933986e-17,
                    0.2325640320777893,
                    2.7115076432439303e-17,
                    5.872237059394586e-18,
                    1.0,
                    -1.5171257410853017e-16,
                    -1.0199372533817286e-16,
                    -0.2325640320777893,
                    1.4891845064355464e-16,
                    0.9725810885429382,
                    0.23028619587421417,
                    0.0,
                    0.0,
                    0.0,
                    1.0
                ],
                "Components": [],
                "Children": []
            },
            {
                "UID": 1071586864284482479,
                "ParentUID": 970518134324911085,
                "Name": "Zombunny Mesh 1",
                "Mobility": 1,
                "LocalTransform": [
                    1.0,
                    0.0,
                    0.0,
                    0.0,
                    0.0,
                    1.0,
                    0.0,
                    0.0,
                    0.0,
                    0.0,
                    1.0,
                    0.0,
                    0.0,
                    0.0,
                    0.0,
                    1.0
                ],
                "Components": [
                    {
                        "UID": 1071586864284482479,
                        "Type": 1,
                        "Enabled": true,
                        "Name": "Mesh",
                        "Mesh": 1135197358158049,
                        "Material": 1367892307892927,
                        "Bones": [
                            976797551314863578,
                            980983829308165240,
                            983675009245278393,
                            986665209652622707,
                            990253446705462047,
                            1008194640559593339,
                            1010586800026475331,
                            1013577000433819645,
                            1015670139430470476,
                            1017464257956890146,
                            1019258380778277112,
                            1021351519774927943,
                            1034209374225064090,
                            1035704476576219895,
                            1036601533691946082,
                            1050057429082544551,
                            1050954490493238034,
                            1051851551903931517,
                            1053047629489888865
                        ],
                        "ModelUID": 1433349918613929,
                        "SkinIndex": 0
                    }
                ],
                "Children": []
            },
            {
                "UID": 1024042699712041096,
                "ParentUID": 983675009245278393,
                "Name": "LeftUpperArmFK",
                "Mobility": 1,
                "LocalTransform": [
                    0.08255875110626221,
                    0.7722862958908081,
                    0.6298872232437134,
                    2.7115076432439303e-17,
                    -0.058908283710479736,
                    0.6347214579582214,
                    -0.7704923152923584,
                    -1.0199372533817286e-16,
                    -0.994843602180481,
                    0.026505321264266968,
                    0.09789586067199707,
                    0.23028619587421417,
                    0.0,
                    0.0,
                    0.0,
                    1.0
                ],
                "Components": [],
                "Children": [
                    1027331916294649275
                ]
            },
            {
                "UID": 1027331916294649275,
                "ParentUID": 1024042699712041096,
                "Name": "LeftLowerArmFK",
                "Mobility": 1,
                "LocalTransform": [
                    0.9255497455596924,
                    2.0445140304703692e-17,
                    0.3786260485649109,
                    2.7115076432439303e-17,
                    -1.893557870018627e-17,
                    1.0,
                    -7.710298554936418e-18,
                    -1.0199372533817286e-16,
                    -0.3786260485649109,
                    -3.3239425734830864e-20,
                    0.9255497455596924,
                    0.23028619587421417,
                    0.0,
                    0.0,
                    0.0,
                    1.0
                ],
                "Components": [],
                "Children": [
                    1028827018645805080
                ]
            },
            {
                "UID": 1034209374225064090,
                "ParentUID": 983675009245278393,
                "Name": "RightUpperArm",
                "Mobility": 1,
                "LocalTransform": [
                    0.009760141372680664,
                    0.8994460105895996,
                    0.4369230568408966,
                    2.7115076432439303e-17,
                    0.08636784553527832,
                    -0.4360693693161011,
                    0.895759105682373,
                    -1.0199372533817286e-16,
                    0.9962155818939209,
                    0.028993278741836548,
                    -0.0819394588470459,
                    0.23028619587421417,
                    0.0,
                    0.0,
                    0.0,
                    1.0
                ],
                "Components": [],
                "Children": [
                    1035704476576219895
                ]
            },
            {
                "UID": 1028827018645805080,
                "ParentUID": 1027331916294649275,
                "Name": "LeftWristFK",
                "Mobility": 1,
                "LocalTransform": [
                    0.9725810885429382,
                    2.9571657267933986e-17,
                    0.2325640320777893,
                    2.7115076432439303e-17,
                    5.872237059394586e-18,
                    1.0,
                    -1.5171257410853017e-16,
                    -1.0199372533817286e-16,
                    -0.2325640320777893,
                    1.4891845064355464e-16,
                    0.9725810885429382,
                    0.23028619587421417,
                    0.0,
                    0.0,
                    0.0,
                    1.0
                ],
                "Components": [],
                "Children": []
            },
            {
                "UID": 1051851551903931517,
                "ParentUID": 980983829308165240,
                "Name": "RightLeg",
                "Mobility": 1,
                "LocalTransform": [
                    0.9998040199279785,
                    3.607531106739235e-18,
                    0.019798098132014275,
                    -0.1548829972743988,
                    -3.4694473655439205e-18,
                    1.0,
                    -7.00895610179047e-18,
                    -0.12964299321174622,
                    -0.019798098132014275,
                    6.938893903907228e-18,
                    0.9998040199279785,
                    0.0001973873731913045,
                    0.0,
                    0.0,
                    0.0,
                    1.0
                ],
                "Components": [],
                "Children": [
                    1053047629489888865
                ]
            },
            {
                "UID": 1029724075761531267,
                "ParentUID": 983675009245278393,
                "Name": "LeftUpperArmIK",
                "Mobility": 1,
                "LocalTransform": [
                    0.2745680809020996,
                    0.07877712696790695,
                    0.9583353400230408,
                    2.7115076432439303e-17,
                    -0.30118244886398315,
                    -0.93944251537323,
                    0.16351446509361267,
                    -1.0199372533817286e-16,
                    0.9131820797920227,
                    -0.33352962136268616,
                    -0.2342146635055542,
                    0.23028619587421417,
                    0.0,
                    0.0,
                    0.0,
                    1.0
                ],
                "Components": [],
                "Children": [
                    1030920157642455911
                ]
            },
            {
                "UID": 1033312317109337903,
                "ParentUID": 1030920157642455911,
                "Name": "LeftWristIK",
                "Mobility": 1,
                "LocalTransform": [
                    -0.9230208396911621,
                    -0.347829133272171,
                    -0.16446295380592346,
                    2.7115076432439303e-17,
                    0.35265693068504333,
                    -0.9357529878616333,
                    -0.00016759149730205536,
                    -1.0199372533817286e-16,
                    -0.1538383662700653,
                    -0.05815368890762329,
                    0.9863832592964172,
                    0.23028619587421417,
                    0.0,
                    0.0,
                    0.0,
                    1.0
                ],
                "Components": [],
                "Children": []
            },
            {
                "UID": 1035704476576219895,
                "ParentUID": 1034209374225064090,
                "Name": "RightLowerArm",
                "Mobility": 1,
                "LocalTransform": [
                    0.9123319387435913,
                    -8.066870474409039e-17,
                    -0.4094514548778534,
                    2.7115076432439303e-17,
                    5.565232780076348e-17,
                    1.0,
                    -7.301307538301821e-17,
                    -1.0199372533817286e-16,
                    0.4094514548778534,
                    4.3825233228031283e-17,
                    0.9123319387435913,
                    0.23028619587421417,
                    0.0,
                    0.0,
                    0.0,
                    1.0
                ],
                "Components": [],
                "Children": [
                    1036601533691946082
                ]
            },
            {
                "UID": 1037797615572870726,
                "ParentUID": 983675009245278393,
                "Name": "RightUpperArmFK",
                "Mobility": 1,
                "LocalTransform": [
                    0.009760141372680664,
                    0.8994460105895996,
                    0.4369230568408966,
                    2.7115076432439303e-17,
                    0.08636784553527832,
                    -0.4360693693161011,
                    0.895759105682373,
                    -1.0199372533817286e-16,
                    0.9962155818939209,
                    0.028993278741836548,
                    -0.0819394588470459,
                    0.23028619587421417,
                    0.0,
                    0.0,
                    0.0,
                    1.0
                ],
                "Components": [],
                "Children": [
                    1039292713629059235
                ]
            },
            {
                "UID": 1039292713629059235,
                "ParentUID": 1037797615572870726,
                "Name": "RightLowerArmFK",
                "Mobility": 1,
                "LocalTransform": [
                    0.9123319387435913,
                    -8.066870474409039e-17,
                    -0.4094514548778534,
                    2.7115076432439303e-17,
                    5.565232780076348e-17,
                    1.0,
                    -7.301307538301821e-17,
                    -1.0199372533817286e-16,
                    0.4094514548778534,
                    4.3825233228031283e-17,
                    0.9123319387435913,
                    0.23028619587421417,
                    0.0,
                    0.0,
                    0.0,
                    1.0
                ],
                "Components": [],
                "Children": [
                    1040189775039752718
                ]
            },
            {
                "UID": 1040189775039752718,
                "ParentUID": 1039292713629059235,
                "Name": "RightWristFK",
                "Mobility": 1,
                "LocalTransform": [
                    0.8321021795272827,
                    7.050964965507343e-17,
                    -0.5546223521232605,
                    2.7115076432439303e-17,
                    -5.543696305647917e-17,
                    1.0,
                    4.3958614447444234e-17,
                    -1.0199372533817286e-16,
                    0.5546223521232605,
                    -5.831479389072261e-18,
                    0.8321021795272827,
                    0.23028619587421417,
                    0.0,
                    0.0,
                    0.0,
                    1.0
                ],
                "Components": [],
                "Children": []
            },
            {
                "UID": 1041086832155478905,
                "ParentUID": 983675009245278393,
                "Name": "RightUpperArmIK",
                "Mobility": 1,
                "LocalTransform": [
                    0.19059062004089355,
                    -0.05176492780447006,
                    0.9803038835525513,
                    2.6831785270613368e-17,
                    -0.11078927665948868,
                    0.9910945296287537,
                    0.07387437671422958,
                    -1.0732714108245347e-16,
                    -0.9753979444503784,
                    -0.12268691509962082,
                    0.18315833806991577,
                    0.24167923629283905,
                    0.0,
                    0.0,
                    0.0,
                    1.0
                ],
                "Components": [],
                "Children": [
                    1042282914036403549
                ]
            },
            {
                "UID": 1042282914036403549,
                "ParentUID": 1041086832155478905,
                "Name": "RightLowerArmIK",
                "Mobility": 1,
                "LocalTransform": [
                    1.0,
                    1.356789948057249e-16,
                    5.662757303070975e-7,
                    2.7115076432439303e-17,
                    -1.3584210158763057e-16,
                    1.0,
                    2.880142142575731e-13,
                    -1.0199372533817286e-16,
                    -5.662757303070975e-7,
                    -2.880142142575731e-13,
                    1.0,
                    0.23028619587421417,
                    0.0,
                    0.0,
                    0.0,
                    1.0
                ],
                "Components": [],
                "Children": [
                    1044675073503285541
                ]
            },
            {
                "UID": 1044675073503285541,
                "ParentUID": 1042282914036403549,
                "Name": "RightWristIK",
                "Mobility": 1,
                "LocalTransform": [
                    -0.9875394105911255,
                    0.1027500182390213,
                    0.1191994920372963,
                    2.7115076432439303e-17,
                    -0.10348890721797943,
                    -0.9946306943893433,
                    -0.000008796341717243195,
                    -1.0199372533817286e-16,
                    0.11855856329202652,
                    -0.012344511225819588,
                    0.9928703308105469,
                    0.23028619587421417,
                    0.0,
                    0.0,
                    0.0,
                    1.0
                ],
                "Components": [],
                "Children": []
            },
            {
                "UID": 1050057429082544551,
                "ParentUID": 980983829308165240,
                "Name": "LeftLeg",
                "Mobility": 1,
                "LocalTransform": [
                    0.9998040199279785,
                    -9.364822734623146e-18,
                    0.019798098132014275,
                    0.15488280355930328,
                    -6.938893903907228e-18,
                    -1.0,
                    -1.226020766495394e-16,
                    -0.12964345514774323,
                    0.019798098132014275,
                    1.2244066393352825e-16,
                    -0.9998040199279785,
                    0.00019751557556446642,
                    0.0,
                    0.0,
                    0.0,
                    1.0
                ],
                "Components": [],
                "Children": [
                    1050954490493238034
                ]
            },
            {
                "UID": 1050954490493238034,
                "ParentUID": 1050057429082544551,
                "Name": "LeftFoot",
                "Mobility": 1,
                "LocalTransform": [
                    1.0,
                    1.356789948057249e-16,
                    5.662757303070975e-7,
                    -2.514730867986259e-9,
                    -1.3584210158763057e-16,
                    1.0,
                    2.880142142575731e-13,
                    1.4369813672310272e-10,
                    -5.662757303070975e-7,
                    -2.880142142575731e-13,
                    1.0,
                    0.1218874454498291,
                    0.0,
                    0.0,
                    0.0,
                    1.0
                ],
                "Components": [],
                "Children": []
            },
            {
                "UID": 1053047629489888865,
                "ParentUID": 1051851551903931517,
                "Name": "RightFoot",
                "Mobility": 1,
                "LocalTransform": [
                    1.0,
                    1.356789948057249e-16,
                    5.662757303070975e-7,
                    1.3657482611506566e-7,
                    -1.3584210158763057e-16,
                    1.0,
                    2.880142142575731e-13,
                    7.105427198782324e-17,
                    -5.662757303070975e-7,
                    -2.880142142575731e-13,
                    1.0,
                    -0.12188728153705597,
                    0.0,
                    0.0,
                    0.0,
                    1.0
                ],
                "Components": [],
                "Children": []
            }
        ],
        "Lights Config": {
            "Ambient Color": [
                1.0,
                1.0,
                1.0
            ],
            "Ambient Intensity": 0.20000000298023224,
            "Skybox UID": 1281272330578818
        }
    }
}